-65 1 0
-64 1 0
-63 1 0
-62 1 0
-61 1 0
-60 1 0
-59 1 0
-58 1 0
-57 1 0
-56 1 0
-55 1 0
-54 1 0
-53 1 0
-52 1 0
-51 1 0
-50 1 0
-49 1 0
-48 1 0
-47 1 0
-46 1 0
-45 1 0
-44 1 0
-43 1 0
-42 1 0
-41 1 0
-40 1 0
-39 1 0
-38 1 0
-37 1 0
-36 1 0
-35 1 0
-34 1 0
-33 1 0
-32 1 0
-31 1 0
-30 1 0
-29 1 0
-28 2 0
-27 2 0
-26 2 0
-25 3 0
-24 5 0
-23 5 0
-22 6 0
-21 6 0
-20 9 0
-19 9 0
-18 9 0
-17 12 0
-16 13 0
-15 18 0
-14 20 0
-13 28 0
-12 47 0
-11 70 1
-10 104 1
-9 153 2
-8 234 2
-7 326 6
-6 402 6
-5 508 8
-4 665 15
-3 773 15
-2 929 18
-1 1169 20
