-68 1 0
-67 2 0
-66 2 0
-65 2 0
-64 2 0
-63 2 0
-62 3 0
-61 3 0
-60 6 0
-59 6 0
-58 6 0
-57 6 0
-56 6 0
-55 6 0
-54 6 0
-53 6 0
-52 7 0
-51 7 0
-50 7 0
-49 7 0
-48 7 0
-47 7 0
-46 7 0
-45 7 0
-44 7 0
-43 7 0
-42 8 0
-41 9 0
-40 9 0
-39 9 0
-38 11 0
-37 11 0
-36 26 0
-35 26 0
-34 27 0
-33 28 0
-32 33 0
-31 38 0
-30 45 0
-29 55 1
-28 67 1
-27 81 1
-26 100 1
-25 112 1
-24 172 2
-23 179 3
-22 202 4
-21 252 4
-20 320 5
-19 381 5
-18 478 6
-17 588 11
-16 732 14
-15 893 17
-14 1067 19
-13 1283 24
-12 1544 28
-11 1851 35
-10 2240 39
-9 2644 52
-8 3183 67
-7 4060 82
-6 4914 102
-5 5565 121
-4 6266 130
-3 7421 146
-2 8582 183
-1 9816 212
