-48 2 0
-47 8 0
-46 8 0
-45 8 0
-44 12 0
-43 17 0
-42 34 0
-41 49 1
-40 78 2
-39 103 2
-38 136 2
-37 161 2
-36 183 3
-35 216 3
-34 278 5
-33 364 5
-32 475 6
-31 591 7
-30 721 10
-29 912 11
-28 1086 19
-27 1432 24
-26 1735 31
-25 2061 44
-24 2315 47
-23 2628 51
-22 2990 69
-21 3346 80
-20 3728 96
-19 4182 110
-18 4574 126
-17 4950 140
-16 5172 150
-15 5429 179
-14 5655 192
-13 6202 227
-12 6510 253
-11 6893 274
-10 7303 290
-9 7691 308
-8 7941 329
-7 8280 355
-6 8675 374
-5 9047 389
-4 9433 409
-3 9730 421
-2 10106 448
-1 10447 484
