-45 1 0
-44 2 0
-43 2 0
-42 3 0
-41 6 0
-40 11 0
-39 20 0
-38 26 0
-37 41 0
-36 68 0
-35 96 1
-34 159 4
-33 194 4
-32 223 5
-31 327 8
-30 415 10
-29 618 12
-28 875 19
-27 1012 21
-26 1291 27
-25 1524 33
-24 1993 34
-23 2571 36
-22 3128 69
-21 3557 85
-20 3824 112
-19 4915 132
-18 5276 165
-17 5675 189
-16 6906 206
-15 7781 277
-14 8781 335
-13 9784 380
-12 10538 448
-11 11510 494
-10 12035 554
-9 13381 602
-8 13989 671
-7 14755 868
-6 15884 971
-5 16809 1036
-4 17550 1086
-3 17962 1127
-2 19815 1331
-1 20360 1423
