-50 1 0
-49 1 0
-48 4 0
-47 4 0
-46 10 0
-45 10 0
-44 10 0
-43 16 0
-42 17 0
-41 22 0
-40 31 0
-39 36 0
-38 39 0
-37 71 0
-36 77 1
-35 98 1
-34 116 2
-33 137 2
-32 183 2
-31 231 3
-30 267 3
-29 304 4
-28 342 5
-27 401 9
-26 495 9
-25 586 11
-24 653 12
-23 757 15
-22 902 21
-21 998 22
-20 1097 24
-19 1211 24
-18 1440 27
-17 1523 32
-16 1660 38
-15 1778 47
-14 1875 50
-13 1955 52
-12 2058 67
-11 2197 72
-10 2350 81
-9 2476 86
-8 2666 91
-7 2793 96
-6 2927 105
-5 3098 112
-4 3206 127
-3 3361 139
-2 3528 153
-1 3699 165
