-52 2 0
-51 2 0
-50 3 0
-49 3 0
-48 4 0
-47 7 2
-46 12 2
-45 13 2
-44 14 2
-43 23 2
-42 26 2
-41 46 2
-40 70 2
-39 70 3
-38 109 3
-37 141 4
-36 210 6
-35 326 7
-34 434 8
-33 564 9
-32 764 11
-31 1000 13
-30 1222 18
-29 1467 19
-28 1965 23
-27 2477 29
-26 3198 46
-25 4038 56
-24 4942 59
-23 5694 71
-22 6741 85
-21 7765 100
-20 9000 144
-19 10260 169
-18 11537 194
-17 12342 220
-16 13621 253
-15 14739 295
-14 15690 322
-13 16819 370
-12 17960 418
-11 18978 445
-10 19855 460
-9 21011 498
-8 21620 570
-7 22526 613
-6 23332 667
-5 24745 725
-4 25484 747
-3 26306 773
-2 27050 822
-1 27861 866
