-51 2 0
-50 2 0
-49 2 0
-48 2 0
-47 3 0
-46 7 0
-45 11 0
-44 17 0
-43 22 0
-42 31 0
-41 31 1
-40 41 1
-39 65 1
-38 97 1
-37 118 1
-36 142 1
-35 193 3
-34 282 10
-33 482 14
-32 552 20
-31 620 25
-30 800 25
-29 1097 38
-28 1387 47
-27 1643 56
-26 2198 64
-25 2447 79
-24 2683 83
-23 3032 102
-22 4117 125
-21 4748 154
-20 5444 176
-19 5967 198
-18 6383 208
-17 6742 219
-16 7558 294
-15 9156 348
-14 10204 370
-13 10885 412
-12 11859 425
-11 12261 432
-10 12103 438
-9 13125 479
-8 13913 517
-7 14583 569
-6 15644 611
-5 16658 661
-4 17014 670
-3 17619 682
-2 18447 767
-1 19189 810
