-66 1 0
-65 1 0
-64 1 0
-63 1 0
-62 1 0
-61 1 0
-60 2 0
-59 2 0
-58 2 0
-57 2 0
-56 2 0
-55 2 0
-54 2 0
-53 2 0
-52 2 0
-51 2 0
-50 2 0
-49 2 0
-48 2 0
-47 2 0
-46 2 0
-45 2 0
-44 2 0
-43 2 0
-42 2 0
-41 2 0
-40 2 0
-39 2 0
-38 2 0
-37 2 0
-36 2 0
-35 2 0
-34 2 0
-33 2 0
-32 2 0
-31 2 0
-30 3 0
-29 3 0
-28 4 0
-27 4 0
-26 4 0
-25 5 0
-24 6 0
-23 6 0
-22 7 0
-21 11 0
-20 19 0
-19 25 0
-18 32 0
-17 46 0
-16 66 0
-15 94 0
-14 104 0
-13 159 1
-12 286 1
-11 420 4
-10 583 5
-9 751 6
-8 1047 9
-7 1285 12
-6 1535 16
-5 1875 21
-4 2538 26
-3 3029 37
-2 3547 50
-1 4613 70
