-47 1 0
-46 1 0
-45 2 0
-44 4 0
-43 6 0
-42 11 0
-41 12 0
-40 12 0
-39 15 0
-38 19 0
-37 24 1
-36 30 2
-35 39 2
-34 56 2
-33 79 3
-32 126 4
-31 201 6
-30 259 7
-29 366 12
-28 479 14
-27 656 18
-26 982 26
-25 1232 31
-24 1514 32
-23 1788 35
-22 2159 50
-21 2565 65
-20 3039 78
-19 3437 102
-18 3953 116
-17 4411 127
-16 4956 141
-15 5507 173
-14 5943 203
-13 6351 246
-12 6907 300
-11 7435 330
-10 7928 343
-9 8236 350
-8 8527 387
-7 8955 436
-6 9542 477
-5 10154 519
-4 10641 545
-3 11210 562
-2 11686 569
-1 12097 630
