-49 3 0
-48 8 0
-47 13 0
-46 14 0
-45 16 0
-44 17 0
-43 18 0
-42 22 0
-41 22 0
-40 29 0
-39 38 0
-38 44 0
-37 45 0
-36 68 0
-35 90 0
-34 105 0
-33 124 1
-32 145 1
-31 179 1
-30 235 3
-29 298 3
-28 336 4
-27 424 6
-26 498 7
-25 549 9
-24 614 11
-23 699 11
-22 786 11
-21 868 22
-20 946 25
-19 1048 26
-18 1145 27
-17 1270 27
-16 1388 31
-15 1510 34
-14 1587 41
-13 1710 44
-12 1899 44
-11 1995 53
-10 2141 60
-9 2332 64
-8 2513 74
-7 2915 75
-6 3175 79
-5 3641 83
-4 3764 90
-3 3939 96
-2 4459 107
-1 5109 112
