-50 1 0
-49 1 0
-48 1 0
-47 1 0
-46 1 0
-45 5 1
-44 6 1
-43 8 1
-42 9 1
-41 11 1
-40 17 1
-39 22 1
-38 35 1
-37 49 1
-36 57 2
-35 66 2
-34 82 2
-33 99 3
-32 132 3
-31 171 3
-30 212 4
-29 271 6
-28 332 7
-27 373 9
-26 434 10
-25 488 11
-24 554 14
-23 624 19
-22 701 21
-21 763 23
-20 853 25
-19 905 30
-18 1055 38
-17 1116 42
-16 1180 50
-15 1283 55
-14 1338 56
-13 1383 63
-12 1439 69
-11 1502 76
-10 1594 80
-9 1731 84
-8 1820 86
-7 1898 94
-6 2031 101
-5 2115 107
-4 2292 111
-3 2615 112
-2 2830 117
-1 3081 119
