-51 1 0
-50 1 0
-49 4 0
-48 5 0
-47 7 0
-46 7 0
-45 11 0
-44 11 0
-43 18 0
-42 21 0
-41 22 1
-40 26 1
-39 35 1
-38 47 2
-37 63 2
-36 84 3
-35 103 3
-34 124 3
-33 157 3
-32 198 5
-31 248 5
-30 302 8
-29 394 9
-28 439 9
-27 480 11
-26 590 18
-25 682 20
-24 755 34
-23 770 34
-22 917 40
-21 1048 44
-20 1057 52
-19 1289 66
-18 1393 73
-17 1525 84
-16 1702 90
-15 1851 94
-14 1963 98
-13 2048 106
-12 2210 115
-11 2295 124
-10 2429 131
-9 2522 139
-8 2707 145
-7 2960 149
-6 3050 155
-5 3193 172
-4 3373 185
-3 3548 194
-2 3779 203
-1 3905 208
