-44 1 0
-43 6 0
-42 13 0
-41 14 0
-40 36 0
-39 77 1
-38 103 2
-37 137 3
-36 196 5
-35 280 7
-34 392 10
-33 537 10
-32 763 16
-31 837 20
-30 1172 34
-29 1388 46
-28 1795 65
-27 2305 83
-26 2746 119
-25 3315 137
-24 3540 152
-23 4025 186
-22 5237 240
-21 6424 273
-20 9150 310
-19 10297 370
-18 12496 412
-17 13010 477
-16 14867 512
-15 16284 582
-14 17030 652
-13 18283 702
-12 19253 755
-11 20014 806
-10 20595 840
-9 21016 884
-8 21518 1013
-7 21951 1103
-6 22532 1156
-5 23118 1213
-4 23580 1267
-3 23928 1296
-2 24523 1328
-1 24854 1405
