-48 3 0
-47 3 0
-46 3 0
-45 5 0
-44 6 0
-43 9 0
-42 13 0
-41 13 0
-40 18 0
-39 27 0
-38 32 0
-37 39 0
-36 57 0
-35 85 1
-34 108 1
-33 150 2
-32 195 3
-31 245 3
-30 290 3
-29 349 4
-28 423 4
-27 581 4
-26 775 5
-25 1066 10
-24 1244 11
-23 1414 15
-22 1662 18
-21 1985 33
-20 2331 36
-19 2758 42
-18 3125 54
-17 3609 68
-16 4045 92
-15 4371 104
-14 5529 124
-13 6185 139
-12 6968 172
-11 7694 207
-10 8225 236
-9 8936 262
-8 9472 302
-7 10032 349
-6 10784 392
-5 11572 425
-4 12308 463
-3 12830 486
-2 13684 516
-1 14193 584
