-69 1 0
-68 1 0
-67 1 0
-66 1 0
-65 1 0
-64 1 0
-63 1 0
-62 1 0
-61 1 0
-60 1 0
-59 1 0
-58 1 0
-57 1 0
-56 1 0
-55 1 0
-54 1 0
-53 1 0
-52 1 0
-51 1 0
-50 1 0
-49 1 0
-48 1 0
-47 1 0
-46 1 0
-45 1 0
-44 1 0
-43 1 0
-42 1 0
-41 1 0
-40 1 0
-39 2 0
-38 2 0
-37 2 0
-36 3 0
-35 8 0
-34 13 0
-33 28 0
-32 41 0
-31 92 0
-30 95 0
-29 108 0
-28 123 0
-27 138 0
-26 164 0
-25 197 0
-24 218 0
-23 256 0
-22 328 0
-21 413 1
-20 525 2
-19 646 5
-18 777 5
-17 1159 11
-16 1838 15
-15 2417 25
-14 3240 35
-13 4257 44
-12 4955 48
-11 5752 61
-10 6620 89
-9 7738 122
-8 8966 154
-7 10402 192
-6 11736 216
-5 12500 231
-4 13837 260
-3 15202 356
-2 16790 433
-1 18941 503
