-43 2 0
-42 2 0
-41 12 0
-40 25 0
-39 33 0
-38 53 0
-37 54 0
-36 65 0
-35 80 1
-34 334 3
-33 548 4
-32 787 6
-31 1033 9
-30 1324 16
-29 1791 24
-28 2294 43
-27 2878 63
-26 3657 93
-25 4635 111
-24 5486 132
-23 6508 197
-22 7630 264
-21 9293 336
-20 10791 417
-19 12670 478
-18 14225 540
-17 15635 616
-16 17130 727
-15 18852 845
-14 20220 959
-13 21375 1076
-12 22646 1280
-11 23853 1391
-10 24494 1486
-9 25487 1601
-8 26844 1766
-7 27893 1919
-6 29119 2091
-5 29952 2226
-4 30717 2307
-3 31348 2389
-2 31927 2466
-1 32935 2698
