-51 1 0
-50 1 0
-49 2 0
-48 2 0
-47 3 0
-46 5 0
-45 9 0
-44 14 0
-43 21 0
-42 35 0
-41 54 0
-40 60 0
-39 77 0
-38 89 0
-37 115 0
-36 138 1
-35 171 1
-34 235 1
-33 262 1
-32 287 1
-31 346 2
-30 398 4
-29 441 5
-28 504 9
-27 576 10
-26 629 12
-25 689 17
-24 742 18
-23 789 22
-22 865 24
-21 935 29
-20 986 30
-19 1069 34
-18 1154 39
-17 1242 50
-16 1335 57
-15 1427 64
-14 1621 70
-13 1650 70
-12 1695 79
-11 1809 87
-10 1912 94
-9 2071 111
-8 2213 121
-7 2356 134
-6 2470 143
-5 2567 160
-4 2721 179
-3 2942 200
-2 3185 221
-1 3446 244
