-46 1 0
-45 1 0
-44 6 0
-43 6 0
-42 10 0
-41 12 0
-40 21 0
-39 34 0
-38 50 1
-37 80 1
-36 140 1
-35 207 1
-34 249 1
-33 320 1
-32 377 5
-31 487 6
-30 579 8
-29 669 13
-28 759 14
-27 848 16
-26 937 20
-25 1073 22
-24 1177 26
-23 1358 29
-22 1455 35
-21 1638 43
-20 1738 51
-19 1915 59
-18 2003 67
-17 2260 76
-16 2469 82
-15 2642 93
-14 2781 96
-13 2942 98
-12 3087 111
-11 3360 122
-10 3624 129
-9 3793 140
-8 3974 152
-7 4274 159
-6 4512 169
-5 4716 183
-4 4894 193
-3 5153 201
-2 5434 209
-1 5718 221
