-50 1 0
-49 1 0
-48 1 0
-47 1 0
-46 1 0
-45 2 0
-44 4 0
-43 5 0
-42 5 0
-41 9 0
-40 16 0
-39 21 1
-38 35 1
-37 73 3
-36 93 3
-35 130 3
-34 183 4
-33 255 5
-32 377 8
-31 507 8
-30 671 9
-29 838 10
-28 903 12
-27 1050 13
-26 1351 15
-25 1581 18
-24 1834 24
-23 2113 31
-22 2291 44
-21 2367 52
-20 2722 56
-19 3037 79
-18 3327 86
-17 3539 94
-16 3799 105
-15 4024 116
-14 4160 116
-13 4388 136
-12 4686 151
-11 4895 164
-10 5111 170
-9 5283 184
-8 5517 194
-7 5667 196
-6 5807 201
-5 5941 221
-4 6137 236
-3 6321 248
-2 6625 267
-1 6826 280
