-65 10 0
-64 10 0
-63 10 0
-62 11 0
-61 11 0
-60 11 0
-59 11 0
-58 12 0
-57 13 0
-56 13 0
-55 13 0
-54 13 0
-53 13 0
-52 13 0
-51 13 0
-50 13 0
-49 13 0
-48 13 0
-47 14 0
-46 14 0
-45 16 0
-44 16 0
-43 17 0
-42 23 0
-41 24 0
-40 27 0
-39 29 0
-38 31 0
-37 33 0
-36 36 0
-35 43 0
-34 47 0
-33 53 0
-32 61 0
-31 62 0
-30 73 0
-29 77 0
-28 84 0
-27 92 0
-26 100 2
-25 122 2
-24 137 2
-23 185 3
-22 193 4
-21 249 5
-20 273 6
-19 296 6
-18 339 8
-17 377 8
-16 438 10
-15 490 12
-14 538 14
-13 594 15
-12 679 18
-11 719 18
-10 806 18
-9 871 19
-8 931 21
-7 995 22
-6 1094 24
-5 1216 24
-4 1348 28
-3 1474 28
-2 1648 33
-1 1727 38
