-48 2 0
-47 2 0
-46 2 0
-45 4 0
-44 4 0
-43 4 0
-42 7 0
-41 11 0
-40 19 0
-39 21 0
-38 26 0
-37 45 1
-36 55 1
-35 82 1
-34 99 1
-33 165 2
-32 165 2
-31 190 2
-30 265 4
-29 315 6
-28 405 10
-27 535 10
-26 621 10
-25 738 14
-24 920 15
-23 1044 18
-22 1113 26
-21 1279 32
-20 1458 38
-19 1549 43
-18 1758 46
-17 1880 46
-16 1971 58
-15 2101 60
-14 2318 80
-13 2456 82
-12 2606 86
-11 2720 111
-10 2860 113
-9 3036 114
-8 3137 130
-7 3212 137
-6 3321 142
-5 3524 151
-4 3626 155
-3 3741 158
-2 3830 163
-1 3937 163
