-55 1 0
-54 2 0
-53 2 0
-52 2 0
-51 2 0
-50 4 0
-49 4 0
-48 4 0
-47 5 0
-46 5 0
-45 6 0
-44 7 0
-43 7 0
-42 13 0
-41 17 0
-40 26 0
-39 39 0
-38 44 0
-37 55 0
-36 65 0
-35 78 0
-34 101 1
-33 108 1
-32 137 1
-31 158 1
-30 187 2
-29 214 2
-28 258 3
-27 314 3
-26 367 3
-25 415 4
-24 479 5
-23 540 7
-22 621 9
-21 669 9
-20 715 9
-19 747 13
-18 788 18
-17 819 21
-16 885 22
-15 929 23
-14 985 23
-13 1020 23
-12 1091 27
-11 1139 32
-10 1211 34
-9 1287 37
-8 1342 38
-7 1392 41
-6 1447 42
-5 1491 42
-4 1588 48
-3 1670 51
-2 1720 53
-1 1793 60
