-49 1 0
-48 2 0
-47 4 0
-46 4 0
-45 6 0
-44 11 0
-43 15 1
-42 23 1
-41 29 1
-40 50 1
-39 75 2
-38 98 2
-37 176 3
-36 268 3
-35 427 5
-34 735 9
-33 896 11
-32 1336 16
-31 1914 20
-30 2844 27
-29 3675 44
-28 4402 62
-27 6876 81
-26 8825 108
-25 11124 140
-24 13386 161
-23 16636 199
-22 18696 267
-21 22255 355
-20 25590 539
-19 29895 647
-18 34124 847
-17 37505 917
-16 41090 1005
-15 44416 1232
-14 47437 1504
-13 51027 1700
-12 54588 1932
-11 58151 2183
-10 61850 2350
-9 64584 2443
-8 68824 2805
-7 71030 3156
-6 75317 3518
-5 78467 3840
-4 81420 4070
-3 85301 4202
-2 88806 4377
-1 92387 4753
