-52 1 0
-51 1 0
-50 2 0
-49 11 0
-48 22 0
-47 44 0
-46 89 0
-45 106 0
-44 142 0
-43 173 0
-42 217 0
-41 326 0
-40 421 0
-39 610 2
-38 732 6
-37 950 10
-36 1374 17
-35 2382 27
-34 4152 30
-33 7102 57
-32 10356 80
-31 15168 122
-30 20875 159
-29 25665 218
-28 33066 325
-27 38987 432
-26 44635 535
-25 53363 782
-24 59568 965
-23 67174 1224
-22 75832 1550
-21 83889 1941
-20 92770 2653
-19 102870 2935
-18 114996 3568
-17 122911 4161
-16 130703 4758
-15 140081 5563
-14 149401 6268
-13 159937 7067
-12 170512 7844
-11 180458 8627
-10 188694 9385
-9 195031 10056
-8 202208 10834
-7 213779 11586
-6 222284 12192
-5 229642 12822
-4 236763 13362
-3 242817 13869
-2 247543 14347
-1 251720 14828
