-50 1 0
-49 1 0
-48 1 0
-47 2 0
-46 2 0
-45 2 0
-44 7 0
-43 7 0
-42 8 0
-41 16 0
-40 18 0
-39 25 0
-38 32 0
-37 34 0
-36 42 0
-35 66 0
-34 104 0
-33 144 0
-32 184 0
-31 269 0
-30 303 0
-29 399 0
-28 563 1
-27 638 2
-26 783 3
-25 972 4
-24 1167 6
-23 1304 6
-22 1528 10
-21 1582 11
-20 1857 17
-19 2093 19
-18 2402 30
-17 2585 37
-16 2870 40
-15 3220 50
-14 3423 61
-13 3651 74
-12 3906 78
-11 4310 86
-10 4520 86
-9 4788 91
-8 4992 116
-7 5123 128
-6 5463 140
-5 5859 159
-4 6140 175
-3 6493 183
-2 6764 187
-1 6951 217
