-48 3 0
-47 3 0
-46 4 0
-45 5 0
-44 13 0
-43 26 0
-42 37 0
-41 50 0
-40 67 0
-39 90 0
-38 120 0
-37 169 1
-36 247 3
-35 351 3
-34 444 6
-33 564 8
-32 706 11
-31 867 15
-30 1144 22
-29 1406 25
-28 1665 30
-27 1933 40
-26 2199 55
-25 2547 65
-24 2902 81
-23 3312 91
-22 3739 102
-21 4043 119
-20 4450 142
-19 4782 167
-18 5148 193
-17 5512 213
-16 5878 231
-15 6250 247
-14 6604 253
-13 6975 274
-12 7280 324
-11 7791 361
-10 8414 389
-9 9107 418
-8 10222 451
-7 11602 471
-6 12919 509
-5 13725 557
-4 14117 610
-3 14694 656
-2 15169 690
-1 15587 711
