-51 1 0
-50 1 0
-49 1 0
-48 1 0
-47 2 0
-46 2 0
-45 2 0
-44 3 0
-43 4 0
-42 8 0
-41 10 0
-40 18 0
-39 29 0
-38 44 1
-37 49 1
-36 53 1
-35 67 2
-34 81 2
-33 106 3
-32 164 5
-31 248 7
-30 322 8
-29 377 15
-28 429 16
-27 481 17
-26 566 23
-25 719 30
-24 879 34
-23 988 38
-22 1159 42
-21 1252 46
-20 1327 51
-19 1472 67
-18 1524 79
-17 1684 80
-16 1794 88
-15 1868 93
-14 1970 96
-13 2069 98
-12 2184 109
-11 2263 123
-10 2357 131
-9 2465 136
-8 2570 139
-7 2599 140
-6 2680 143
-5 2807 164
-4 2894 169
-3 3017 179
-2 3121 188
-1 3193 194
