-54 1 0
-53 1 0
-52 2 0
-51 2 0
-50 2 0
-49 2 0
-48 2 0
-47 2 0
-46 6 0
-45 13 0
-44 13 0
-43 14 0
-42 20 0
-41 30 0
-40 30 0
-39 36 1
-38 39 1
-37 46 1
-36 66 2
-35 74 3
-34 87 3
-33 114 3
-32 137 4
-31 161 5
-30 191 5
-29 209 8
-28 266 10
-27 316 11
-26 414 12
-25 479 13
-24 548 13
-23 606 16
-22 690 18
-21 736 19
-20 826 21
-19 899 22
-18 999 26
-17 1068 27
-16 1132 29
-15 1181 33
-14 1239 38
-13 1321 44
-12 1371 48
-11 1447 51
-10 1527 52
-9 1584 53
-8 1633 55
-7 1663 58
-6 1736 64
-5 1785 70
-4 1844 72
-3 1910 74
-2 1956 75
-1 2002 78
