-47 2 0
-46 4 0
-45 6 0
-44 10 0
-43 12 0
-42 16 0
-41 22 0
-40 41 0
-39 47 0
-38 68 0
-37 81 0
-36 101 0
-35 139 1
-34 187 1
-33 269 1
-32 388 2
-31 504 3
-30 644 6
-29 851 7
-28 1151 11
-27 1690 16
-26 2218 23
-25 2815 35
-24 3441 40
-23 4156 48
-22 4997 72
-21 5805 74
-20 7016 90
-19 8420 102
-18 10109 139
-17 11589 159
-16 13074 169
-15 14582 240
-14 16414 313
-13 18379 344
-12 20128 435
-11 21774 515
-10 22955 525
-9 24295 563
-8 25591 746
-7 26804 833
-6 28314 864
-5 30121 1027
-4 31742 1150
-3 32992 1285
-2 34005 1366
-1 35384 1620
