-52 2 0
-51 2 0
-50 2 0
-49 2 0
-48 2 0
-47 3 0
-46 3 0
-45 3 0
-44 3 0
-43 5 0
-42 5 0
-41 5 0
-40 20 0
-39 20 0
-38 20 0
-37 21 0
-36 23 0
-35 33 0
-34 44 0
-33 44 0
-32 66 0
-31 83 0
-30 106 0
-29 124 0
-28 132 0
-27 165 0
-26 203 0
-25 239 2
-24 294 3
-23 408 4
-22 488 8
-21 566 10
-20 657 12
-19 711 14
-18 806 17
-17 922 25
-16 1082 27
-15 1229 30
-14 1450 35
-13 1727 43
-12 2015 49
-11 2349 56
-10 2665 63
-9 2976 73
-8 3251 80
-7 3529 87
-6 3838 105
-5 4177 118
-4 4491 137
-3 4706 150
-2 5090 155
-1 5500 171
