-51 2 0
-50 2 0
-49 6 0
-48 7 0
-47 9 0
-46 10 0
-45 12 0
-44 13 0
-43 19 0
-42 28 0
-41 33 1
-40 47 1
-39 60 1
-38 81 1
-37 126 3
-36 172 3
-35 194 3
-34 299 5
-33 342 7
-32 424 7
-31 456 9
-30 539 13
-29 660 15
-28 774 16
-27 925 18
-26 1083 22
-25 1293 26
-24 1554 31
-23 1700 34
-22 1917 40
-21 2049 44
-20 2232 48
-19 2417 51
-18 2552 63
-17 2792 67
-16 3065 72
-15 3207 80
-14 3319 82
-13 3439 87
-12 3553 97
-11 3656 107
-10 3931 109
-9 4086 116
-8 4246 119
-7 4377 120
-6 4439 124
-5 4608 135
-4 4761 140
-3 4917 150
-2 5070 157
-1 5253 166
