-48 1 0
-47 1 0
-46 1 0
-45 3 0
-44 4 0
-43 7 0
-42 8 0
-41 18 0
-40 26 0
-39 32 0
-38 39 0
-37 52 0
-36 73 0
-35 98 0
-34 155 0
-33 237 0
-32 312 2
-31 424 2
-30 522 2
-29 679 2
-28 806 3
-27 981 3
-26 1180 6
-25 1364 6
-24 1570 7
-23 1721 13
-22 2049 13
-21 2690 23
-20 2869 32
-19 3032 36
-18 3265 47
-17 3538 50
-16 3753 65
-15 4010 72
-14 4246 83
-13 4456 95
-12 4793 104
-11 4983 107
-10 5144 107
-9 5483 114
-8 5654 123
-7 5878 137
-6 6090 144
-5 6438 150
-4 6637 152
-3 6845 156
-2 7015 162
-1 7341 167
