-70 1 0
-69 2 0
-68 2 0
-67 2 0
-66 2 0
-65 2 0
-64 2 0
-63 2 0
-62 2 0
-61 4 0
-60 4 0
-59 4 0
-58 10 0
-57 10 0
-56 10 0
-55 10 0
-54 11 0
-53 11 0
-52 11 0
-51 11 0
-50 11 0
-49 12 0
-48 16 0
-47 19 0
-46 19 0
-45 23 0
-44 24 0
-43 31 0
-42 33 0
-41 41 0
-40 58 0
-39 69 0
-38 80 0
-37 87 1
-36 106 1
-35 166 2
-34 248 4
-33 377 5
-32 547 5
-31 632 7
-30 728 7
-29 857 11
-28 1119 12
-27 1543 21
-26 1942 23
-25 2161 29
-24 2712 35
-23 3043 46
-22 3576 57
-21 4261 63
-20 4880 79
-19 5669 97
-18 6566 124
-17 7091 136
-16 8104 159
-15 8968 177
-14 9897 195
-13 11372 228
-12 12290 246
-11 13208 265
-10 13776 288
-9 14487 320
-8 15303 365
-7 16106 395
-6 16928 428
-5 18131 461
-4 18927 487
-3 19441 503
-2 20035 523
-1 20949 552
