-57 1 0
-56 1 0
-55 1 0
-54 1 0
-53 1 0
-52 1 0
-51 1 0
-50 1 0
-49 1 0
-48 1 0
-47 3 0
-46 3 0
-45 3 0
-44 3 0
-43 4 0
-42 5 0
-41 7 0
-40 7 0
-39 21 0
-38 29 0
-37 40 0
-36 51 0
-35 65 0
-34 80 0
-33 112 0
-32 138 0
-31 182 1
-30 257 1
-29 298 1
-28 346 1
-27 402 1
-26 480 2
-25 608 2
-24 719 2
-23 806 4
-22 887 5
-21 1012 7
-20 1074 7
-19 1260 7
-18 1428 8
-17 1605 8
-16 1675 13
-15 1752 13
-14 1875 13
-13 1980 13
-12 2103 17
-11 2206 18
-10 2303 18
-9 2363 18
-8 2418 19
-7 2549 20
-6 2683 21
-5 2813 23
-4 2942 25
-3 3071 27
-2 3213 28
-1 3301 32
