-50 1 0
-49 2 0
-48 5 0
-47 8 0
-46 10 0
-45 17 0
-44 30 0
-43 42 1
-42 45 1
-41 51 1
-40 67 2
-39 78 2
-38 94 2
-37 115 2
-36 152 3
-35 219 6
-34 254 6
-33 290 7
-32 391 9
-31 604 14
-30 606 14
-29 740 17
-28 890 22
-27 1021 26
-26 1250 27
-25 1511 34
-24 1706 41
-23 2012 46
-22 2407 52
-21 2637 52
-20 2878 54
-19 3333 69
-18 3645 75
-17 4042 109
-16 4509 121
-15 5077 130
-14 5274 141
-13 5747 149
-12 6171 154
-11 6500 195
-10 6889 208
-9 7491 238
-8 8053 258
-7 8537 277
-6 8990 300
-5 9630 325
-4 10266 349
-3 11000 375
-2 11596 413
-1 12366 436
