-78 1 0
-77 1 0
-76 1 0
-75 1 0
-74 1 0
-73 1 0
-72 1 0
-71 1 0
-70 1 0
-69 1 0
-68 1 0
-67 1 0
-66 1 0
-65 1 0
-64 1 0
-63 1 0
-62 1 0
-61 1 0
-60 1 0
-59 1 0
-58 1 0
-57 1 0
-56 1 0
-55 1 0
-54 1 0
-53 1 0
-52 1 0
-51 1 0
-50 1 0
-49 1 0
-48 1 0
-47 1 0
-46 1 0
-45 1 0
-44 5 0
-43 5 0
-42 5 0
-41 5 0
-40 7 0
-39 10 1
-38 17 3
-37 23 6
-36 32 10
-35 47 11
-34 75 11
-33 86 12
-32 110 16
-31 141 19
-30 179 22
-29 279 24
-28 338 29
-27 419 32
-26 511 37
-25 609 40
-24 675 42
-23 794 48
-22 908 54
-21 1026 68
-20 1228 75
-19 1404 83
-18 1655 95
-17 1844 97
-16 2101 110
-15 2469 123
-14 2585 130
-13 3208 151
-12 3770 177
-11 4311 191
-10 4896 207
-9 5179 221
-8 5292 226
-7 5588 249
-6 6585 272
-5 6966 293
-4 7498 318
-3 7984 344
-2 8384 383
-1 8682 409
