-59 1 0
-58 1 0
-57 1 0
-56 1 0
-55 1 0
-54 1 0
-53 1 0
-52 1 0
-51 1 0
-50 1 0
-49 1 0
-48 1 0
-47 1 0
-46 1 0
-45 1 0
-44 1 0
-43 1 0
-42 1 0
-41 1 0
-40 1 0
-39 1 0
-38 1 0
-37 1 0
-36 1 0
-35 1 0
-34 1 0
-33 1 0
-32 1 0
-31 1 0
-30 1 0
-29 1 0
-28 1 0
-27 1 0
-26 2 0
-25 3 0
-24 6 0
-23 8 0
-22 19 0
-21 27 0
-20 33 0
-19 47 0
-18 72 0
-17 106 0
-16 155 2
-15 216 3
-14 281 4
-13 382 4
-12 418 5
-11 481 5
-10 623 7
-9 754 10
-8 930 16
-7 1042 17
-6 1120 17
-5 1267 20
-4 1351 25
-3 1550 33
-2 1730 37
-1 1916 49
