25/1/2020 4 0 0 4 # https://en.wikipedia.org/wiki/2020_coronavirus_pandemic_in_Australia
27/1/2020 5 0 0 5 # https://www.health.gov.au/news/health-alerts/novel-coronavirus-2019-ncov-health-alert
29/1/2020 7 0 0 7
30/1/2020 9 0 0 9
1/2/2020 10 0 
2/2/2020 12 0 
8/2/2020 15 5 0 10
12/2/2020 15 5 0 10
13/2/2020 15 6 0 9
16/2/2020 15 8 0 7
17/2/2020 15 8 0 7
18/2/2020 15 8 0 7
19/2/2020 15 10 0 5
20/2/2020 17 10 0 7
21/2/2020 21 10 0 11
22/2/2020 22 10 0 10
23/2/2020 22 10 0 12
24/2/2020 22 15 0 7
25/2/2020 23 15 0 8
26/2/2020 23 15 0 8
27/2/2020 23 15 0 8
28/2/2020 25 15 0 10
29/2/2020 26 15 0 11
1/3/2020 29 15 1[31] 14
2/3/2020 33 21 1 11
3/3/2020 41 21 1 19
4/3/2020 52 21 2[102] 29
5/3/2020 57 21 2 34
6/3/2020 63 22 2 39
7/3/2020 73 22 2 49
8/3/2020 80] 22 3[2] 55
9/3/2020 92 22 3 67
10/3/2020 112 24 3 85
11/3/2020 128 24 3 101
12/3/2020 156 24 3
2020-03-13 198 27 3
2020-03-14 248 27 3
2020-03-15 297 27 5
2020-03-16 375 27 5
2020-03-17 453 27 5
2020-03-18 566 43 6
2020-03-19 707 46 6
2020-03-20 875 46 7
2020-03-21 1071 46 7