2020-02-29 5 0
2020-03-01 10 0
2020-03-02 10 0
2020-03-03 18 0
2020-03-04 24 0
2020-03-05 37 0
2020-03-06 47 0
2020-03-07 66 0
2020-03-08 104 0
2020-03-09 112 0
2020-03-10 131 0
2020-03-11 182 0
2020-03-12 361 1
2020-03-13 504 1
2020-03-14 655 1
2020-03-15 860 1
2020-03-16 1016 3
2020-03-17 1332 3
2020-03-18 1647 4
2020-03-19 2013 6
2020-03-20 2388 6
2020-03-21 2814 8
2020-03-22 3244 16
2020-03-23 3924 21
2020-03-24 4876 28
2020-03-25 5560 31
2020-03-26 6349 49
2020-03-27 7341 58
2020-03-28 7927 68
2020-03-29 8536 86 479
2020-03-30 9377 108 636
2020-03-31 9974 128 1095
2020-04-01 10482 146 1436
2020-04-02 10967 158 1749
2020-04-03 11383 168 2022
2020-04-04 11665 168 2507
2020-04-05 11907 204 2998
2020-04-06 12206 220 3463
2020-04-07 12519 243 4046
2020-04-08 12852 273 4512
2020-04-09 13138 295 5240
2020-04-10 13492 319 6064
2020-04-11 13776 337 6604
2020-04-12 13894 350 6987
2020-04-13 13999 368 7343
2020-04-14 14159 384 7633
2020-04-15 14321 393 8098
2020-04-16 14451 410 8986
2020-04-17 14553 431 9704
2020-04-18 14637 443 10214
2020-04-19 14696 452 10501
2020-04-20 14755 470 10631
2020-04-21 14810 491 10971
2020-04-22 14889 510 11328
2020-04-23 14963 522 11694
2020-04-24 15038 530 11872
2020-04-25 15117 536 12103
2020-04-26 15175 542 12282