2020-02-04 1 0
2020-03-01 2 0
2020-03-02 8 0
2020-03-03 13 0
2020-03-04 23 0
2020-03-05 50 0
2020-03-06 109 0
2020-03-07 169 0
2020-03-08 200 0
2020-03-09 239 0
2020-03-10 267 1
2020-03-11 314 3
2020-03-12 399 3
2020-03-13 559 3
2020-03-14 689 4
2020-03-15 886 4
2020-03-16 1058 5
2020-03-17 1243 10
2020-03-18 1486 14
2020-03-19 1795 21
2020-03-20 2257 37
2020-03-21 2815 67
2020-03-22 3401 75
2020-03-23 3743 88
2020-03-24 4269 122
2020-03-25 4937 178
2020-03-26 6235 220 675
2020-03-27 7284 289 858
2020-03-28 9134 353 1063
2020-03-29 10386 431 1359
2020-03-30 11899 513 1527
2020-03-31 12775 705 1696
2020-04-01 13964 828 2132
2020-04-02 15348 1011 2495
2020-04-03 16770 1143 2872
2020-04-04 18431 1283 3247
2020-04-05 19691 1447 3751
2020-04-06 20814 1632 3986
2020-04-07 22194 2035 4157
2020-04-08 23403 2240 4681