
2020-03-08 4
2020-03-09 4
2020-03-10 6
2020-03-11 7 1 
2020-03-12 23 1 
2020-03-13 31 1 
2020-03-14 41 2 
2020-03-15 51 2 
2020-03-16 62 2 
2020-03-17 81 2 
2020-03-18 94 2 
2020-03-19 112 3 
2020-03-20 127 3 1
2020-03-21 163 3 3
2020-03-22 187 3 3
2020-03-23 201 3 3
2020-03-24 218 3 3
2020-03-25 242 3 4
2020-03-26 264 3 8
2020-03-27 293 3 9
2020-03-28 331 7 11
2020-03-29 346 8 14
2020-03-30 359 8 17
2020-03-31 399 8 17
2020-04-01 422 10 20
2020-04-02 457 11 25
2020-04-03 485 14 30
2020-04-04 503 18 34
2020-04-05 531 20 37
2020-04-06 549 22 39
2020-04-07 577 23 42
2020-04-08 593 24 42
2020-04-09 618 24 48
2020-04-10 635 25 54
2020-04-11 661 28 62
2020-04-12 675 29 68
2020-04-13 685 32 71
2020-04-14 713 35 81
2020-04-15 747 36 105
2020-04-16 800 38 122
2020-04-17 846 41 141
2020-04-18 878 41 153
2020-04-19 894 42 161
2020-04-20 929 43 167
2020-04-21 975 45 170
2020-04-22 1024 49 174
2020-04-23 1097 52 190
2020-04-24 1188 54 193
2020-04-25 1247 54 197
2020-04-26 1300 56 205