2020-03-1 3 0
2020-03-2 4 0
2020-03-3 5 0
2020-03-4 8 0
2020-03-5 12 0
2020-03-6 19 0
2020-03-7 26 0
2020-03-8 32 0
2020-03-9 38 0
2020-03-10 63 0
2020-03-11 94 0
2020-03-12 116 0
2020-03-13 141 0
2020-03-14 189 0
2020-03-15 298 0
2020-03-16 383 0
2020-03-17 450 0
2020-03-18 560 0
2020-03-19 765 0
2020-03-20 889 0
2020-03-21 995 0
2020-03-22 1120 1
2020-03-23 1236 1
2020-03-24 1394 2
2020-03-25 1654 6
2020-03-26 1925 9
2020-03-27 2279 9
2020-03-28 2631 11 11
2020-03-29 2817 16 11
2020-03-30 2976 23 25
2020-03-31 3308 35 45
2020-04-01 3589 42 61
2020-04-02 3858 50 71
2020-04-03 4190 56 74
2020-04-04 4472 63 78
2020-04-05 4587 71 96
2020-04-06 4822 84 121
2020-04-07 5017 90 172
2020-04-08 5312 105 233
2020-04-09 5569 116 301
2020-04-10 5674 119 346