2020-02-02 2 0 0
2020-02-03 3 0 0
2020-03-02 6 0 3
2020-03-03 9 0 3
2020-03-04 32 0 3
2020-03-05 33 0 3
2020-03-06 34 0 3
2020-03-07 37 0 3
2020-03-08 43 0 3
2020-03-09 50 0 3
2020-03-10 65 0 4
2020-03-12 77 1 4
2020-03-13 87 2 10
2020-03-14 107 2 10
2020-03-15 113 2 13
2020-03-16 127 2 13
2020-03-17 146 3 14
2020-03-18 171 3 14
2020-03-19 199 3 14
2020-03-20 258 4 22
2020-03-21 334 5 23
2020-03-22 408 7 23
2020-03-23 505 9 34
2020-03-24 571 9 39
2020-03-25 657 10 43
2020-03-26 735 16 44
2020-03-27 834 18 74
2020-03-28 918 19 80
2020-03-29 1024 27 95
2020-03-30 1251 32 95