2020-03-03 2 0 	
2020-03-04 6 0 	
2020-03-05 13 0	
2020-03-06 18 0	
2020-03-07 19 0	
2020-03-08 21 0	
2020-03-09 24 0	
2020-03-10 34 0
2020-03-11 43 1
2020-03-12 70 1
2020-03-13 90 1
2020-03-14 129 2
2020-03-15 169 2
2020-03-16 223 2
2020-03-17 292 2
2020-03-18 366 2
2020-03-19 557 3
2020-03-20 683 3
2020-03-21 785 3
2020-03-22 906 4
2020-03-23 1125 6
2020-03-24 1329 7
2020-03-25 1564 9
2020-03-26 1819 19
2020-03-27 2121 22
2020-03-28 2415 36
2020-03-29 2615 46 5
2020-03-30 2910 54 5
2020-03-31 3235 71 5
2020-04-01 3447 85 5
2020-04-02 3849 98 10
2020-04-03 4273 120 10
2020-04-04 4604 137 25
2020-04-05 4994 158 25
2020-04-06 5364 174 25
2020-04-07 5709 210 25
2020-04-08 6074 235 25
2020-04-09 6574 263 25
2020-04-10 8089 288 25
2020-04-11 8928 320 25
2020-04-12 9655 334 25
2020-04-13 10647 365 25
2020-04-14 11479 406 25
2020-04-15 12547 444 25
2020-04-16 13271 486 25
2020-04-17 13980 530 25
2020-04-18 14758 571 25
2020-04-19 15251 610 25
2020-04-20 15652 687 25
2020-04-21 16040 730 9233
2020-04-22 16671 779 9233
2020-04-23 17607 794 9233
2020-04-24 18184 1014 9233
2020-04-25 18561 1063 9233
2020-04-26 19262 1087 9233