2020-02-24 5 0
2020-02-25 11 0
2020-02-26 26 0
2020-02-27 43 0
2020-02-28 45 0
2020-02-29 45 0
2020-03-01 46 0
2020-03-02 56 0
2020-03-03 56 0
2020-03-04 56 0
2020-03-05 58 0
2020-03-06 58 0
2020-03-07 61 0
2020-03-08 64 0
2020-03-09 65 0
2020-03-10 69 0
2020-03-11 72 0
2020-03-12 80 0
2020-03-13 100 0
2020-03-14 104 0
2020-03-15 112 0
2020-03-16 123 0
2020-03-17 130 0
2020-03-18 142 0
2020-03-19 148 0
2020-03-20 159 0
2020-03-21 176 0
2020-03-22 188 0
2020-03-23 189 0
2020-03-24 191 0
2020-03-25 195 0
2020-03-26 208 0
2020-03-27 225 0
2020-03-28 235 0
2020-03-29 255 0 67
2020-03-30 266 0 72
2020-03-31 289 0 73
2020-04-01 317 0 80
2020-04-02 342 0 81
2020-04-03 417 0
2020-04-04 479 0
2020-04-05 556 1
2020-04-06 665 1 103
2020-04-07 739 1 
2020-04-08 855 1 111
2020-04-09 910 1 111
2020-04-10 993 1 123
2020-04-11 1154 1 133
2020-04-12 1234 1 142
2020-04-13 1300 2 150
2020-04-14 1355 3 176
2020-04-15 1405 3 206
2020-04-16 1524 3 225
2020-04-17 1658 5 258
2020-04-18 1751 6 280
2020-04-19 1915 7 305
2020-04-20 1995 9 367
2020-04-21 2080 11 412
2020-04-22 2248 13 443
2020-04-23 2399 14 498
2020-04-24 2614 15 613
2020-04-25 2892 19 656
2020-04-26 3075 20 806