2020-03-05 2 0
2020-03-06 3 0
2020-03-07 4 0
2020-03-08 5 0
2020-03-09 5 0
2020-03-10 7 0
2020-03-11 7 0
2020-03-12 26 0
2020-03-13 34 1
2020-03-14 51 1
2020-03-15 77 1
2020-03-16 81 1
2020-03-17 140 1
2020-03-18 203 2
2020-03-19 335 4
2020-03-20 484 4
2020-03-21 670 8
2020-03-22 798 8
2020-03-23 875 8
2020-03-24 1099 8
2020-03-25 1333 8
2020-03-26 1453 9 6
2020-03-27 1605 15 40
2020-03-28 1831 18 40
2020-03-29 1950 21 40
2020-03-30 1988 22 80
2020-03-31 2178 23 80
2020-04-01 2319 29 80
2020-04-02 2478 30 80
2020-04-03 2612 31 500
2020-04-04 2729 31 500
2020-04-05 2804 31 500
2020-04-06 2843 41 500
2020-04-07 2970 44 500
2020-04-08 3034 46 500
2020-04-09 3115 52 500
2020-04-10 3223 54 500
2020-04-11 3270 62 500
2020-04-12 3281 66 500
2020-04-13 3292 67 500
2020-04-14 3307 67 500
2020-04-15 3373 69 526
2020-04-16 3444 69 552
2020-04-17 3480 73 579
2020-04-18 3537 73 601
2020-04-19 3550 74 627
2020-04-20 3558 76 637
2020-04-21 3618 79 670
2020-04-22 3654 80 711
2020-04-23 3665 83 728
2020-04-24 3695 85 3007
2020-04-25 3711 85 3088
2020-04-26 3723 88 3104