2020-03-14 6
2020-03-15 8
2020-03-16 8
2020-03-17 12
2020-03-18 20
2020-03-19 28
2020-03-20 39
2020-03-21 52
2020-03-22 66
2020-03-23 102
2020-03-24 155
2020-03-25 205
2020-03-26 283
2020-03-27 368  37
2020-03-28 451  50
2020-03-29 514 1 56
2020-03-30 589 1 63
2020-03-31 647 1 74
2020-04-01 708 1 82
2020-04-02 797 1 92
2020-04-03 868 1 103
2020-04-04 950 1 127
2020-04-05 1039 1 156
2020-04-06 1106 1 176
2020-04-07 1160 1 241
2020-04-08 1210 1 282
2020-04-09 1239 1 317
2020-04-10 1283 2 373
2020-04-11 1312 4 422
2020-04-12 1330 4 471
2020-04-13 1349 5 546
2020-04-14 1366 9 628
2020-04-15 1386 9 728
2020-04-16 1401 9 770
2020-04-17 1409 11 816
2020-04-18 1422 11 867
2020-04-19 1431 12 912
2020-04-20 1440 12 970
2020-04-21 1445 13 1006
2020-04-22 1448 14 1036
2020-04-23 1451 16 1065
2020-04-24 1456 17 1095
2020-04-25 1461 18 1118
2020-04-26 1470 18 1142