2020-03-9 6 0
2020-03-10 16 0
2020-03-11 19 0
2020-03-12 20 0
2020-03-13 28 0
2020-03-14 31 0
2020-03-15 53 0
2020-03-16 136 0
2020-03-17 237 0
2020-03-18 302 2 #https://www.nih.org.pk/wp-content/uploads/2020/03/COVID-19-Daily-Updated-SitRep-19-Mar-2020.pdf
2020-03-19 461 2 #https://www.nih.org.pk/wp-content/uploads/2020/03/COVID-19-Daily-Updated-SitRep-20-Mar-2020.pdf
2020-03-20 495 3
2020-03-21 646 3
2020-03-22 784 5
2020-03-23 887 6
2020-03-24 991 7
2020-03-25 1057 8
2020-03-26 1197 9 23
2020-03-27 1408 11 26
2020-03-28 1526 13 28
2020-03-29 1625 18 32
2020-03-30 1865 25 58
2020-03-31 2039 26 82
2020-04-01 2291 31 107
2020-04-02 2450 35 126
2020-04-03 2708 40 130
2020-04-04 2818 41 150
2020-04-05 3059 45 170
2020-04-06 3505 51 259
2020-04-07 4005 55 429
2020-04-08 4207 61 467
2020-04-09 4489 63 572
2020-04-10 4695 66 727