
2020-03-02 2 0
2020-03-03 4 0
2020-03-04 6 0
2020-03-05 9 0
2020-03-06 13 0
2020-03-07 21 0
2020-03-08 30 0
2020-03-09 39 0
2020-03-10 41 0
2020-03-11 59 0
2020-03-12 78 0
2020-03-13 112 0
2020-03-14 169 0
2020-03-15 256 0
2020-03-16 331 1
2020-03-17 448 1
2020-03-18 642 2
2020-03-19 785 3
2020-03-20 1020 6
2020-03-21 1280 12
2020-03-22 1600 14
2020-03-23 2060 23
2020-03-24 2362 33
2020-03-25 2995 43
2020-03-26 3544 60 43
2020-03-27 4268 76 43
2020-03-28 5170 100 43
2020-03-29 5962 119 43
2020-03-30 6408 140 43
2020-03-31 7443 160 43
2020-04-01 8251 187 43
2020-04-02 9034 209 68
2020-04-03 9886 246 68
2020-04-04 10524 266 75
2020-04-05 11278 295 75
2020-04-06 11730 311 140
2020-04-07 12442 345 184
2020-04-08 13141 380 196
2020-04-09 13956 409 205
2020-04-10 15472 435 233
2020-04-11 15987 470 266
2020-04-12 16585 504 277
2020-04-13 16934 535 277
2020-04-14 17448 567 347
2020-04-15 18091 599 383
2020-04-16 18841 629 493
2020-04-17 19022 657 519
2020-04-18 19685 687 610
2020-04-19 20206 714 610
2020-04-20 20863 735 610
2020-04-21 21379 762 917
2020-04-22 21982 785 1143
2020-04-23 22353 820 1201
2020-04-24 22797 854 1228
2020-04-25 23392 880 1277
2020-04-26 23864 903 1329