
2020-03-01 1 0
2020-03-02 3 0
2020-03-04 7 0
2020-03-05 8 0
2020-03-06 8 0
2020-03-07 8 0
2020-03-08 8 0
2020-03-09 15 0
2020-03-10 18 0
2020-03-11 24 0
2020-03-12 262 0
2020-03-13 320 0
2020-03-14 337 0
2020-03-15 401 0
2020-03-16 439 0
2020-03-17 442 0
2020-03-18 452 0
2020-03-19 460 0 #https://www.moph.gov.qa/english/Pages/Coronavirus2019.aspx
2020-03-20 470 0
2020-03-21 481 0
2020-03-22 494 0
2020-03-23 501 0
2020-03-24 526 0
2020-03-25 537 0
2020-03-26 549 0
2020-03-27 562 0 43
2020-03-28 590 0 45
2020-03-29 634 1 48
2020-03-30 693 1 51
2020-03-31 781 2 62
2020-04-01 835 2 71
2020-04-02 949 3 72
2020-04-03 1075 3 93
2020-04-04 1325 3 109
2020-04-05 1604 4 123
2020-04-06 1832 4 131
2020-04-07 2057 6 150
2020-04-08 2210 6 178
2020-04-09 2376 6 206
2020-04-10 2512 6 227
2020-04-11 2728 6 247
2020-04-12 2979 7 275
2020-04-13 3231 7 334
2020-04-14 3428 7 373
2020-04-15 3711 7 406
2020-04-16 4103 7 415
2020-04-17 4663 7 464
2020-04-18 5008 8 510
2020-04-20 6015 9 555
2020-04-21 6533 9 614
2020-04-22 7141 10 689
2020-04-23 7764 10 750
2020-04-24 8525 10 809
2020-04-25 9358 10 929