2020-03-05 4 0
2020-03-06 10 0
2020-03-07 14 0
2020-03-08 17 0
2020-03-09 20 0
2020-03-10 20 0
2020-03-11 28 0
2020-03-12 34 0
2020-03-13 45 0
2020-03-14 59 0
2020-03-15 63 0
2020-03-16 93 0
2020-03-17 114 0
2020-03-18 147 0
2020-03-19 199 0
2020-03-20 253 0
2020-03-21 306 0
2020-03-22 367 0
2020-03-23 438 0
2020-03-24 495 0
2020-03-25 658 2
2020-03-26 840 2 38
2020-03-27 1036 3 45
2020-03-28 1264 4 49
2020-03-29 1534 8 64
2020-03-30 1836 9 66
2020-03-31 2337 17 121
2020-04-01 2777 24 190
2020-04-02 3548 30 235
2020-04-03 4149 34 281
2020-04-04 4731 43 333
2020-04-05 5389 45 355
2020-04-06 6343 47 406
2020-04-07 7497 58 494
2020-04-08 8672 63 580
2020-04-09 10131 76 698
2020-04-10 11917 94 795