2020-03-02 1 0
2020-03-04 2 0
2020-03-05 5 0
2020-03-07 7 0
2020-03-08 11 0
2020-03-09 15 0
2020-03-10 20 0
2020-03-11 45 0
2020-03-12 62 0
2020-03-13 86 0
2020-03-14 103 0
2020-03-15 118 0
2020-03-16 133 0
2020-03-17 171 0
2020-03-18 238 0
2020-03-19 274 0
2020-03-20 344 0
2020-03-21 392 0
2020-03-22 511 0
2020-03-23 562 1
2020-03-24 767 1
2020-03-25 900 1
2020-03-26 1012 2
2020-03-27 1104 3 35
2020-03-28 1203 4 37
2020-03-29 1299 8 66
2020-03-30 1453 8 115
2020-03-31 1563 10 165
2020-04-01 1720 16 264
2020-04-02 1885 21 328
2020-04-03 2039 25 351
2020-04-04 2179 29 420
2020-04-05 2385 34 488
2020-04-06 2523 38 551
2020-04-07 2795 41 615
2020-04-08 2932 41 631
2020-04-09 3287 44 666
2020-04-10 3651 47 685
2020-04-11 4033 52 720
2020-04-12 4462 59 761
2020-04-13 4934 65 805
2020-04-14 5369 73 889
2020-04-15 5862 79 931
2020-04-16 6380 86 990
2020-04-17 7142 87 1049
2020-04-18 8274 92 1329
2020-04-19 9362 97 1398
2020-04-20 10484 103 1490
2020-04-21 11631 109 1640
2020-04-22 12772 114 1812
2020-04-23 13930 121 1925
2020-04-24 15102 127 2049
2020-04-25 16299 136 2215
2020-04-26 17522 139 2357