2020-01-22 0 0
2020-01-23 1 0
2020-01-24 3 0
2020-01-25 3 0
2020-01-26 4 0
2020-01-27 5 0
2020-01-28 7 0
2020-01-29 7 0
2020-01-30 10 0
2020-01-31 13 0
2020-02-1 16 0
2020-02-2 18 0
2020-02-3 18 0
2020-02-4 24 0
2020-02-5 28 0
2020-02-6 28 0
2020-02-7 30 0
2020-02-8 33 0
2020-02-9 40 0
2020-02-10 45 0
2020-02-11 47 0
2020-02-12 50 0
2020-02-13 58 0
2020-02-14 67 0
2020-02-15 72 0
2020-02-16 75 0
2020-02-17 77 0
2020-02-18 81 0
2020-02-19 84 0
2020-02-20 84 0
2020-02-21 85 0
2020-02-22 85 0
2020-02-23 89 0
2020-02-24 89 0
2020-02-25 91 0
2020-02-26 93 0
2020-02-27 93 0
2020-02-28 93 0
2020-02-29 102 0
2020-03-1 106 0
2020-03-2 108 0
2020-03-3 110 0
2020-03-4 110 0
2020-03-5 117 0
2020-03-6 130 0
2020-03-7 138 0
2020-03-8 150 0
2020-03-9 150 0
2020-03-10 160 0
2020-03-11 178 0
2020-03-12 187 0
2020-03-13 200 0
2020-03-14 212 0
2020-03-15 226 0
2020-03-16 243 0
2020-03-17 266 0
2020-03-18 313 0
2020-03-19 345 0
2020-03-20 385 0
2020-03-21 432 2
2020-03-22 455 2
2020-03-23 509 2
2020-03-24 558 2
2020-03-25 631 2
2020-03-26 683 2 172
2020-03-27 732 2 183
2020-03-28 802 2 198
2020-03-29 844 3 212
2020-03-30 879 3 228
2020-03-31 926 3 240
2020-04-01 1000 3 245
2020-04-02 1049 4 266
2020-04-03 1114 5 282
2020-04-04 1189 6 297
2020-04-05 1309 6 320
2020-04-06 1375 6 344
2020-04-07 1481 6 377
2020-04-08 1623 6 406
2020-04-09 1910 6 460
2020-04-10 2108 7 492
2020-04-11 2299 8 528
2020-04-12 2532 8 560
2020-04-13 2918 9 586
2020-04-14 3252 10 611
2020-04-15 3699 10 652
2020-04-16 4427 10 683
2020-04-17 5050 11 708
2020-04-18 5992 11 740
2020-04-19 6588 11 768
2020-04-20 8014 11 801
2020-04-21 9125 11 839
2020-04-22 10141 12 896
2020-04-23 11178 12 924
2020-04-24 12075 12 956
2020-04-25 12693 12 1002
2020-04-26 13624 12 1060
