2020-03-04 1 0
2020-03-05 6 0
2020-03-06 8 0
2020-03-07 12 0
2020-03-08 16 0
2020-03-09 25 0
2020-03-10 34 0
2020-03-11 57 0
2020-03-12 96 0
2020-03-13 141 0
2020-03-14 181 1
2020-03-15 219 1
2020-03-16 253 1
2020-03-17 275 1
2020-03-18 286 1
2020-03-19 319 1
2020-03-20 341 1
2020-03-21 383 1
2020-03-22 414 2
2020-03-23 442 3
2020-03-24 480 4
2020-03-25 526 5
2020-03-26 562 6
2020-03-27 632 9 10
2020-03-28 684 9 10
2020-03-29 730 11 10
2020-03-30 756 11 10
2020-03-31 802 15 16
2020-04-01 841 17 16
2020-04-02 897 18 16
2020-04-03 934 20 16
2020-04-04 977 22 16
2020-04-05 997 28 21
2020-04-06 1021 30 25
2020-04-07 1055 36 115
2020-04-08 1091 40 120
2020-04-09 1124 43 128
2020-04-10 1160 45 137
2020-04-11 1188 50 148
2020-04-12 1205 53 150
2020-04-13 1212 55 152
2020-04-14 1220 56 152
2020-04-15 1248 61 165
2020-04-16 1269 61 174
2020-04-17 1305 66 183
2020-04-18 1318 70 191
2020-04-19 1331 74 193
2020-04-20 1336 77 194
2020-04-21 1345 77 201
2020-04-22 1354 79 209
2020-04-23 1367 79 215
2020-04-24 1374 80 219
2020-04-25 1389 81 223
2020-04-26 1396 82 225