2020-03-09 7 0
2020-03-10 7 0
2020-03-11 10 0
2020-03-12 21 0
2020-03-13 32 0
2020-03-14 44 0
2020-03-15 61 0
2020-03-16 72 0
2020-03-17 97 0
2020-03-18 105 0
2020-03-19 124 0
2020-03-20 138 0
2020-03-21 179 0
2020-03-22 186 0
2020-03-23 205 0
2020-03-24 216 0
2020-03-25 226 0
2020-03-26 269 0 2 #https://www.korona.gov.sk/
2020-03-27 292 0 2
2020-03-28 314 0 2
2020-03-29 336 0 2
2020-03-30 363 0 2
2020-03-31 400 1 3
2020-04-01 426 1 3
2020-04-02 450 1 8
2020-04-03 471 1 8
2020-04-04 485 1 8
2020-04-05 534 1 8
2020-04-06 581 2 8
2020-04-07 682 2 16
2020-04-08 701 2 16
2020-04-09 715 2 23