2020-01-20 1 0
2020-01-24 2 0
2020-01-25 2 0
2020-01-26 3 0
2020-01-27 4 0
2020-01-30 6 0
2020-01-31 11 0
2020-02-01 12 0
2020-02-02 15 0
2020-02-03 15 0
2020-02-04 16 0
2020-02-05 19 0
2020-02-06 23 0
2020-02-07 24 0
2020-02-08 24 0
2020-02-09 27 0
2020-02-10 27 0
2020-02-11 28 0
2020-02-12 28 0
2020-02-13 28 0
2020-02-14 28 0
2020-02-15 28 0
2020-02-16 29 0
2020-02-17 30 0
2020-02-18 31 0
2020-02-19 51 0
2020-02-20 104 1	
2020-02-21 204 2
2020-02-22 433 2
2020-02-23 602 4
2020-02-24 833 7
2020-02-25 977 10
2020-02-26 1261 12	
2020-02-27 1766 13	
2020-02-28 2337 13	
2020-02-29 3150 17	
2020-03-01 4212 22	
2020-03-02 4812 28	
2020-03-03 5328 32	
2020-03-04 5766 35	
2020-03-05 6284 42	
2020-03-06 6767 44	
2020-03-07 7134 50	
2020-03-08 7382 51	
2020-03-09 7513 54
2020-03-10 7755 60
2020-03-11 7869 66
2020-03-12 7979 67
2020-03-13 8086 72
2020-03-14 8162 75
2020-03-15 8236 75
2020-03-16 8320 81
2020-03-17 8413 84
2020-03-18 8565 91
2020-03-19 8652 94
2020-03-20 8799 102
2020-03-21 8897 104
2020-03-22 8961 111
2020-03-23 9037 120
2020-03-24 9137 126
2020-03-25 9241 131
2020-03-26 9332 139
2020-03-27 9478 144 4811
2020-03-28 9583 152 5033
2020-03-29 9661 158 5228
2020-03-30 9786 162 5408
2020-03-31 9887 165 5567
2020-04-01 9976 169 5828
2020-04-02 10062 174 6021
2020-04-03 10156 177 6325
2020-04-04 10237 183 6463
2020-04-05 10284 186 6598
2020-04-06 10331 192 6694
2020-04-07 10384 200 6776
2020-04-08 10423 204 6973
2020-04-09 10450 208 7117
2020-04-10 10480 211 7243
2020-04-11 10512 214 7368
2020-04-12 10537 217 7447
2020-04-13 10564 222 7534
2020-04-14 10591 225 7616
2020-04-15 10613 229 7757
2020-04-16 10635 230 7829
2020-04-17 10653 232 7937
2020-04-18 10661 234 8042
2020-04-19 10674 236 8114
2020-04-20 10683 237 8213
2020-04-21 10694 238 8277
2020-04-22 10702 240 8411
2020-04-23 10708 240 8501
2020-04-24 10718 240 8635
2020-04-25 10728 242 8717
2020-04-26 10738 243 8764