2020-02-15 8 1 # https://www.mscbs.gob.es/profesionales/saludPublica/ccayes/alertasActual/nCov-China/situacionActual.htm
2020-02-26 14 1
2020-02-27 26 1
2020-02-28 45 1
2020-02-29 59 1
2020-03-01 84 1
2020-03-02 125 1
2020-03-03 169 2
2020-03-04 228 2
2020-03-05 282 3
2020-03-06 365 8
2020-03-07 430 10
2020-03-08 674 17
2020-03-09 1231 30
2020-03-10 1695 36
2020-03-11 2277 55
2020-03-12 3146 86
2020-03-13 5232 133
2020-03-14 6391 196 # https://www.rtve.es/noticias/20200314/mapa-del-coronavirus-espana/2004681.shtml
2020-03-15 7844 294
2020-03-16 9942 342
2020-03-17 11826 533
2020-03-18 14729 638
2020-03-19 18077 833
2020-03-20 21571 1093
2020-03-21 25496 1381
2020-03-22 29909 1813
2020-03-23 35480 2342
2020-03-24 42058 2994
2020-03-25 50105 3650
2020-03-26 56347 4154 7015
2020-03-27 65719 5138 9357
2020-03-28 73232 5982 12285
2020-03-29 80110 6803 14709
2020-03-30 85199 7424 16780
2020-03-31 95923 8464 19259
2020-04-01 104118 9387 22647
2020-04-02 112065 10348 26743
2020-04-03 119199 11198 30513
2020-04-04 126168 11947 34219
2020-04-05 131646 12641 38080
2020-04-06 136675 13341 40437
2020-04-07 141942 14045 43208
2020-04-08 148220 14792 48021
2020-04-09 153222 15447 52165
2020-04-10 158273 16081 55668
2020-04-11 163027 16606 59109
2020-04-12 166831 17209 62391
2020-04-13 170099 17756 64727
2020-04-14 174060 18255 67504
2020-04-15 180659 18812 70853
2020-04-16 184948 19315 74797
2020-04-17 190839 20002 72963
2020-04-18 194416 20639 74662
2020-04-19 198674 21238 77357
2020-04-20 200210 20852 80587
2020-04-21 204178 21282 82514
2020-04-22 208389 21717 85915
2020-04-23 213024 22157 89250
2020-04-24 219764 22524 92355
2020-04-25 223759 22902 95708
