2020-03-11 1 0
2020-03-12 1 0
2020-03-13 5 0
2020-03-14 6 0
2020-03-15 18 1
2020-03-16 47 1
2020-03-17 98 2
2020-03-18 191 3
2020-03-19 359 4
2020-03-20 670 9
2020-03-21 947 21
2020-03-22 1236 30
2020-03-23 1529 37
2020-03-24 1872 44
2020-03-25 2433 59
2020-03-26 3629 75 26
2020-03-27 5698 92 42 #https://twitter.com/saglikbakanligi
2020-03-28 7402 108 70
2020-03-29 9217 131 105
2020-03-30 10827 168 162
2020-03-31 13531 214 243
2020-04-01 15679 277 333
2020-04-02 18135 356 415
2020-04-03 20921 425 484
2020-04-04 23934 501 786
2020-04-05 27069 574 1042
2020-04-06 30217 649 1326
2020-04-07 34109 725 1582
2020-04-08 38226 812 1846