2020/01/31, 0, 0, 0, 2, 0, 0, 0, 0, 0, 0, 0  # columns:  E, Lon, Mid, NE+Yorks, NW, SE, SW, Unclassified, NI, Scot, Wales
2020/02/06, 0, 0, 0, 2, 0, 1, 0, 0, 0, 0, 0
2020/02/10, 0, 0, 0, 2, 0, 5, 0, 0, 0, 0, 0
2020/02/12, 0, 1, 0, 2, 0, 5, 0, 0, 0, 0, 0
2020/02/23, 0, 1, 0, 2, 0, 5, 0, 4, 0, 0, 0
2020/02/27, 0, 1, 1, 2, 0, 5, 0, 5, 1, 0, 0
2020/02/28, 0, 3, 1, 2, 0, 6, 0, 6, 1, 0, 1
2020/02/29, 1, 3, 1, 3, 0, 6, 1, 6, 1, 0, 1
2020/03/01, 3, 4, 1, 4, 1, 9, 2, 9, 1, 0, 1
2020/03/02, 3, 4, 1, 4, 1, 10, 3, 10, 1, 1, 1
2020/03/03, 3, 4, 1, 4, 1, 10, 3, 22, 1, 1, 1
2020/03/04, 3, 4, 1, 4, 1, 10, 3, 54, 3, 3, 1
2020/03/05, 3, 4, 1, 4, 1, 10, 3, 79, 3, 6, 2
2020/03/06, 6, 8, 4, 7, 5, 17, 10, 90, 4, 11, 2
2020/03/07, 11, 17, 9, 12, 10, 23, 13, 91, 7, 16, 2
2020/03/08, 18, 30, 17, 12, 15, 34, 23, 97, 12, 18, 4
2020/03/09, 19, 40, 23, 16, 19, 36, 26, 103, 12, 23, 6
2020/03/10, 24, 70, 28, 18, 21, 44, 29, 114, 16, 27, 15
2020/03/11, 27, 83, 34, 26, 27, 53, 32, 129, 18, 36, 19
2020/03/12, 27, 115, 36, 38, 37, 76, 34, 156, 20, 60, 25
2020/03/13, 34, 146, 51, 43, 46, 103, 41, 211, 29, 85, 37
2020/03/14, 38, 292, 67, 61, 53, 137, 45, 260, 34, 121, 60
2020/03/15, 66, 386, 86, 85, 60, 168, 53, 297, 45, 153, 94
2020/03/16, 76, 459, 121, 90, 67, 170, 69, 334, 52, 171, 124
2020/03/17, 88, 600, 132, 102, 141, 238, 87, 383, 62, 195, 136
2020/03/18, 123, 932, 226, 196, 164, 282, 109, 402, 68, 227, 149
2020/03/19, 142, 1200, 274, 222, 204, 337, 132, 497, 77, 266, 170
2020/03/20, 221, 1965, 491, 298, 312, 492, 216, 262, 86, 373, 280
2020/03/21, 274, 2189, 624, 368, 390, 536, 242, 169, 128, 416, 347
2020/03/22, 351, 2433, 808, 446, 496, 590, 278, 183, 148, 499, 418
2020/03/23, 419, 2872, 1074, 542, 593, 751, 345, 247, 172, 584, 478
2020/03/24, 480, 3247, 1296, 698, 703, 876, 397, 276, 209, 719, 628
2020/03/25, 592, 3919, 1636, 891, 837, 1129, 453, 0, 241, 894, 741