2020-02-26 15 0	
2020-02-27 15 0	
2020-02-28 19 0	
2020-02-29 24 1	
2020-03-01 42 2	
2020-03-02 57 6	
2020-03-03 85 9	
2020-03-04 111 12	
2020-03-05 175 12
2020-03-06 252 18
2020-03-07 352 19
2020-03-08 495 22
2020-03-09 643 26
2020-03-10 932 31
2020-03-11 1203 38
2020-03-12 1598 42
2020-03-13 2160 49
2020-03-14 2820 56
2020-03-15 3494 62
2020-03-16 4372 75
2020-03-17 5656 96
2020-03-18 8074 122
2020-03-19 12018 174
2020-03-20 17438 229
2020-03-21 23709 294
2020-03-22 32341 405
2020-03-23 42749 516
2020-03-24 52658 670
2020-03-25 64661 929
2020-03-26 81781 1147
2020-03-27 100292 1476
2020-03-28 121099 2038
2020-03-29 141701 2462 4559
2020-03-30 162126 2968 5506
2020-03-31 186082 3806 7251
2020-04-01 212814 4746 8878
2020-04-02 241626 5821 10403
2020-04-03 273808 7007 12283
2020-04-04 307036 8352 14825
2020-04-05 333593 9534 17977
2020-04-06 362955 10748 19573
2020-04-07 393602 12675 21674
2020-04-08 425746 14610 22891
2020-04-09 459093 16441 25928
2020-04-10 493567 18544 27314
2020-04-11 525436 20454 30453
2020-04-12 553493 21936 32634
2020-04-13 578178 23398 36948
2020-04-14 604165 25776 38820
2020-04-15 633630 28214 48708
2020-04-16 665706 30355 57754
2020-04-17 696621 32435 60510
2020-04-18 724895 34178 68285
2020-04-19 751218 35809 71012
2020-04-20 775663 37455 72389
2020-04-21 801115 40040 82923
2020-04-22 830588 42200 84050
2020-04-23 862514 44198 85922
2020-04-24 898743 46102 110432
2020-04-25 934219 47930 118162