
2020/01/31 0 0 0 2 0 0 0 0 0 0 0  # columns:  E Lon Mid NE+Yorks NW SE SW Unclassified NI Scot Wales
2020/02/06 0 0 0 2 0 1 0 0 0 0 0
2020/02/10 0 0 0 2 0 5 0 0 0 0 0
2020/02/12 0 1 0 2 0 5 0 0 0 0 0
2020/02/23 0 1 0 2 0 5 0 4 0 0 0
2020/02/27 0 1 1 2 0 5 0 5 1 0 0
2020/02/28 0 3 1 2 0 6 0 6 1 0 1
2020/02/29 1 3 1 3 0 6 1 6 1 0 1
2020/03/01 3 4 1 4 1 9 2 9 1 0 1
2020/03/02 3 4 1 4 1 10 3 10 1 1 1
2020/03/03 3 4 1 4 1 10 3 22 1 1 1
2020/03/04 3 4 1 4 1 10 3 54 3 3 1
2020/03/05 3 4 1 4 1 10 3 79 3 6 2
2020/03/06 6 8 4 7 5 17 10 90 4 11 2
2020/03/07 11 17 9 12 10 23 13 91 7 16 2
2020/03/08 18 30 17 12 15 34 23 97 12 18 4
2020/03/09 19 40 23 16 19 36 26 103 12 23 6
2020/03/10 24 70 28 18 21 44 29 114 16 27 15
2020/03/11 27 83 34 26 27 53 32 129 18 36 19
2020/03/12 27 115 36 38 37 76 34 156 20 60 25
2020/03/13 34 146 51 43 46 103 41 211 29 85 37
2020/03/14 38 292 67 61 53 137 45 260 34 121 60
2020/03/15 66 386 86 85 60 168 53 297 45 153 94
2020/03/16 76 459 121 90 67 170 69 334 52 171 124
2020/03/17 88 600 132 102 141 238 87 383 62 195 136
2020/03/18 123 932 226 196 164 282 109 402 68 227 149
2020/03/19 142 1200 274 222 204 337 132 497 77 266 170
2020/03/20 221 1965 491 298 312 492 216 262 86 373 280
2020/03/21 274 2189 624 368 390 536 242 169 128 416 347
2020/03/22 351 2433 808 446 496 590 278 183 148 499 418
2020/03/23 419 2872 1074 542 593 751 345 247 172 584 478
2020/03/24 480 3247 1296 698 703 876 397 276 209 719 628
2020/03/25 592 3919 1636 891 837 1129 453 0 241 894 741
2020/03/26 796 4637 2090 1222 1020 1606 534 0 275 1059 921
2020/03/27 1001 5299 2438 1497 1253 1727 649 0 324 1245 1093
2020/03/28 1139 5957 2824 1792 1536 1887 733 0 410 1384 1241
2020/03/29 1339 6521 3188 2087 1847 2010 818 0 533 1563 1451 # https://www.arcgis.com/home/item.html?id=ca796627a2294c51926865748c4a56e8
2020/03/30 1632 7121 3570 2348 2132 2425 966 0 586 1993 1563 # columns:  E Lon Mid NE+Yorks NW SE SW Unclassified NI Scot Wales
2020/04/01 1841 8341 4139 2413 2413 3108 1085 0 689 2310 1837
2020/04/02 2233 9291 4694 3066 3066 3392 1254 0 774 2602 2121
2020/04/03 2384 10247 5537 3823 3537 3732 1386 0 904 3001 2466
2020/04/04 2613 10764 6127 4092 4093 4177 1536 0 998 3345 2853
2020/04/05 3150 11978 6913 4969 4826 4576 1827 0 1089 3706 3197
2020/04/06 3402 12636 7385 5422 5549 4897 1976 0 1158 3961 3499
2020/04/07 3707 13378 7806 5583 6090 5539 2047 0 1255 4229 3790
2020/04/08 4165 14355 8589 6501 6640 6238 2277 0 1339 4565 4073
2020/04/09 4438 15217 9063 7061 7339 6739 2472 0 1477 4957 4089
2020/04/10 4872 16011 9704 7703 8021 7304 2747 0 1589 5275 4591 
2020/04/11 5302 16721 10368 8181 8604 7872 2963 0 1717 5590 4930
2020/04/12 5651 17479 10819 8691 9452 8244 3193 0 1806 5912 5297
2020/04/13 6002	18000 11368 9059 10027 8517 3392 0 1882 6067 5610
2020/04/14 0 0 0 0 0 0 0 0 1967 6358 5848      #Uk gov data format changed - only using this for countries now
2020/04/15 0 0 0 0 0 0 0 0 2088 6748 6113      #Uk gov data format changed - only using this for countries now
2020/04/16 0 0 0 0 0 0 0 0 2201 7102 6401      #Uk gov data format changed - only using this for countries now
2020/04/17 0 0 0 0 0 0 0 0 2338 7409 6645      #Uk gov data format changed - only using this for countries now
2020/04/18 0 0 0 0 0 0 0 0 2486 7820 6936
2020/04/19 0 0 0 0 0 0 0 0 2645 8187 7270
2020/04/20 0 0 0 0 0 0 0 0 2728 8450 7546
2020/04/21 0 0 0 0 0 0 0 0 2801 8672 7850  #NI data unavailable, dashboard is down.  2801 is interpolated result
2020/04/22 0 0 0 0 0 0 0 0 2874 9038 8124
2020/04/23 0 0 0 0 0 0 0 0 3016 9409 8358
2020/04/24 0 0 0 0 0 0 0 0 3122 9697 8601
2020/04/25 0 0 0 0 0 0 0 0 3226 10051 8900
2020/04/26 0 0 0 0 0 0 0 0 3308 10324 9078