-68 4 0
-66 5 0
-64 7 0
-63 9 0
-61 10 0
-60 12 0
-54 15 0
-50 15 0
-49 15 0
-46 15 0
-45 15 0
-44 15 0
-43 15 0
-42 17 0
-41 21 0
-40 22 0
-39 22 0
-38 22 0
-37 23 0
-36 23 0
-35 23 0
-34 25 0
-33 26 0
-32 29 1
-31 33 1
-30 41 1
-29 52 2
-28 57 2
-27 63 2
-26 73 2
-25 80 3
-24 92 3
-23 112 3
-22 128 3
-21 156 3
-20 198 3
-19 248 3
-18 297 5
-17 375 5
-16 453 5
-15 566 6
-14 707 6
-13 875 7
-12 1071 7
-11 1352 7
-10 1709 7
-9 2146 8
-8 2431 9
-7 2805 13
-6 3167 13
-5 3637 14
-4 3984 16
-3 4250 18
-2 4560 19
-1 4864 21
0 5136 24
