-53 5 0
-52 10 0
-51 10 0
-50 18 0
-49 24 0
-48 37 0
-47 47 0
-46 66 0
-45 104 0
-44 112 0
-43 131 0
-42 182 0
-41 361 1
-40 504 1
-39 655 1
-38 860 1
-37 1016 3
-36 1332 3
-35 1647 4
-34 2013 6
-33 2388 6
-32 2814 8
-31 3244 16
-30 3924 21
-29 4876 28
-28 5560 31
-27 6349 49
-26 7341 58
-25 7927 68
-24 8536 86 479
-23 9377 108 636
-22 9974 128 1095
-21 10482 146 1436
-20 10967 158 1749
-19 11383 168 2022
-18 11665 168 2507
-17 11907 204 2998
-16 12206 220 3463
-15 12519 243 4046
-14 12852 273 4512
-13 13138 295 5240
-12 13492 319 6064
-11 13776 337 6604
-10 13894 350 6987
-9 13999 368 7343
-8 14159 384 7633
-7 14321 393 8098
-6 14451 410 8986
-5 14553 431 9704
-4 14637 443 10214
-3 14696 452 10501
-2 14755 470 10631
-1 14810 491 10971
0 14889 510 11328
