-68 0 0
-67 0 0
-66 0 0
-65 0 0
-64 0 0
-63 0 0
-62 0 0
-61 0 0
-60 0 0
-59 0 0
-58 0 0
-57 0 0
-56 0 0
-55 0 0
-54 0 0
-53 0 0
-52 0 0
-51 0 0
-50 0 0
-49 0 0
-48 0 0
-47 0 0
-46 0 0
-45 0 0
-44 0 0
-43 0 0
-42 0 0
-41 0 0
-40 1 0
-39 23 0
-38 33 0
-37 33 0
-36 36 0
-35 41 0
-34 47 0
-33 49 0
-32 49 0
-31 52 0
-30 55 0
-29 60 0
-28 85 0
-27 85 0
-26 95 0
-25 110 0
-24 189 0
-23 195 0
-22 210 0
-21 211 1
-20 221 1
-19 229 1
-18 237 1
-17 269 1
-16 285 1
-15 306 1
-14 337 2
-13 377 2
-12 392 3
-11 419 4
-10 458 4
-9 473 4
-8 476 4
-7 515 4
