-66 1 0
-40 2 0
-39 8 0
-38 13 0
-37 23 0
-36 50 0
-35 109 0
-34 169 0
-33 200 0
-32 239 0
-31 267 1
-30 314 3
-29 399 3
-28 559 3
-27 689 4
-26 886 4
-25 1058 5
-24 1243 10
-23 1486 14
-22 1795 21
-21 2257 37
-20 2815 67
-19 3401 75
-18 3743 88
-17 4269 122
-16 4937 178
-15 6235 220 675
-14 7284 289 858
-13 9134 353 1063
-12 10386 431 1359
-11 11899 513 1527
-10 12775 705 1696
-9 13964 828 2132
-8 15348 1011 2495
-7 16770 1143 2872
-6 18431 1283 3247
-5 19691 1447 3751
-4 20814 1632 3986
-3 22194 2035 4157
-2 23403 2240 4681
-1 24983 2523 5164
0 26667 3019 5568
