-40 1 0
-39 1 0
-38 1 0
-37 2 0
-36 2 0
-35 2 0
-34 2 0
-33 3 0
-32 8 0
-31 13 0
-30 19 0
-29 25 0
-28 25 0
-27 35 0
-26 69 0
-25 77 0
-24 98 0
-23 121 0
-22 200 0 # WHO 16/Mar
-21 234 0 # http://plataforma.saude.gov.br/novocoronavirus/
-20 291 1
-19 428 4
-18 621 7
-17 904 11 #https://saude.gov.br/
-16 1128 18
-15 1546 25
-14 1891 34
-13 2201 46
-12 2433 57
-11 2915 77 6
-10 3417 92 6
-9 3904 114 6
-8 4256 136 6
-7 4579 159 6
-6 5717 201 127
-5 6836 240 127
-4 7910 299 127
-3 9056 359 127
-2 10278 431 127
-1 11130 486 127
0 12056 553 127
