-45 4
-44 4
-43 6
-42 7 1
-41 23 1
-40 31 1
-39 41 2
-38 51 2
-37 62 2
-36 81 2
-35 94 2
-34 112 3
-33 127 3 1
-32 163 3 3
-31 187 3 3
-30 201 3 3
-29 218 3 3
-28 242 3 4
-27 264 3 8
-26 293 3 9
-25 331 7 11
-24 346 8 14
-23 359 8 17
-22 399 8 17
-21 422 10 20
-20 457 11 25
-19 485 14 30
-18 503 18 34
-17 531 20 37
-16 549 22 39
-15 577 23 42
-14 593 24 42
-13 618 24 48
-12 635 25 54
-11 661 28 62
-10 675 29 68
-9 685 32 71
-8 713 35 81
-7 747 36 105
-6 800 38 122
-5 846 41 141
-4 878 41 153
-3 894 42 161
-2 929 43 167
-1 975 45 170
0 1024 49 174
