-82 4 0
-74 7 0
-66 8 0
-61 9 0
-58 10 0
-57 11 0
-56 12 0
-55 13 0
-53 15 0
-52 24 0
-50 33 0
-48 45 0
-47 51 0
-46 57 0
-45 62 0
-44 77 0
-42 103 0
-41 141 0
-40 179 0
-39 199 0
-38 253 0
-37 341 0
-36 440 0
-35 597 0
-34 873 0
-33 1004 12
-32 1371 18
-31 1471 20
-30 2091 24
-29 2792 27
-28 3409 35
-27 4043 39
-26 4689 53
-25 5425 59
-24 6258 61
-23 7437 89
-22 8548 96
-21 9613 109
-20 11283 138
-19 12537 187
-18 13904 231
-17 15512 280
-16 16667 323
-15 17897 380
-14 19289 435
-13 20765 509
-12 22148 569
-11 23318 653
-10 24383 717
-9 25680 780
-8 27063 903
-7 28381 1010
-6 30092 1193
-5 31884 1309
-4 33354 1467
-3 34786 1580
-2 36831 1690
-1 38422 1834
0 38932 1871
