-85 45 (n.a.)
-84 62 (+38%)
-83 121 (+95%)
-82 198 (+64%)
-81 291 (+47%)
-80 440 (+51%)
-79 571 (+30%)
-78 830 (+45%)
-77 1287 (+55%)
-76 1975 (+53%)
-75 2744 (+39%)
-74 4515 (+64%)
-73 5974 (+32%)
-72 7711 (+29%)
-71 9692 (+26%)
-70 11791 (+22%)
-69 14380 (+22%)
-68 17205 (+20%)
-67 20438 (+19%)
-66 24324 (+19%)
-65 28018 (+15%)
-64 31161 (+11%)
-63 34546 (+11%)
-62 37198 (+7.7%)
-61 40171 (+8.0%)
-60 48315 (n.a.)
-59 55220 (+14%)
-58 58761 (+6.4%)
-57 63851 (+8.7%)
-56 66492 (+4.1%)
-55 68500
-54 70548 (+3.0%)
-53 72436 (+2.7%)
-52 74185 (+2.4%)
-51 75002 (+1.1%)
-50 75891 (+1.2%)
-49 76288 (+0.52%)
-48 76936 (+0.85%)
-47 77150 (+0.28%)
-46 77658 (+0.66%)
-45 78064 (+0.52%)
-44 78497 (+0.55%)
-43 78824 (+0.42%)
-42 79251 (+0.54%)
-41 79824 (+0.72%)
-39 80151 (+0.16%)
-38 80270 (+0.15%)
-37 80409 (+0.17%)
-36 80552 (+0.18%)
-35 80651 (+0.12%)
-34 80695 (+0.05%)
-33 80735 (+0.05%)
-32 80754 (+0.02%)
-31 80778 (+0.03%)
-30 80793 (+0.02%)
-29 80813 (+0.02%)
-28 80824 (+0.01%)
-27 80844 (+0.02%)
-26 80860 (+0.02%)
-25 80881 3226 68679
-24 80894 3237 69601
-23 80928 3245 70420
-22 80967 3248 71150
-21 81008 3255 71740
-20 81054 3261 72244
-19 81093 3270 72703
-18 81171 3277 73159
-17 81218 3281 73650
-16 81285 3287 74051
-15 81340 3292 74588
-14 81394 3295 74971
-13 81439 3300 75448
-12 81470 3304 75770
-11 81518 3305 76052
-10 81554 3312 76238
-9 81589 3318 76408
-8 81620 3322 76571
-7 81639 3326 76751
-6 81669 3329 76964
-5 81708 3331 77078
