-52 3 0
-51 4 0
-50 5 0
-49 8 0
-48 12 0
-47 19 0
-46 26 0
-45 32 0
-44 38 0
-43 63 0
-42 94 0
-41 116 0
-40 141 0
-39 189 0
-38 298 0
-37 383 0
-36 450 0
-35 560 0
-34 765 0
-33 889 0
-32 995 0
-31 1120 1
-30 1236 1
-29 1394 2
-28 1654 6
-27 1925 9
-26 2279 9
-25 2631 11 11
-24 2817 16 11
-23 2976 23 25
-22 3308 35 45
-21 3589 42 61
-20 3858 50 71
-19 4190 56 74
-18 4472 63 78
-17 4587 71 96
-16 4822 84 121
-15 5017 90 172
-14 5312 105 233
-13 5569 116 301
-12 5674 119 346
-11 5902 129 411
-10 5991 145 464
-9 6059 155 519
-8 6141 166 642
-7 6301 166 819
-6 6433 171 972
-5 6549 175 1174
-4 6654 181 1227
-3 6746 188 1298
-2 6900 199 1559
-1 7033 207 1753
