-39 1 0
-38 2 0
-37 3 0
-36 4 0
-35 4 0
-34 10 0
-33 15 0
-32 20 0
-31 23 0
-30 29 0
-29 37 0
-28 92 0
-27 264 0
-26 516 0
-25 676 1
-24 804 1
-23 836 2 Testing process changed on 12th March, so only people with serious symptoms tested
-22 875 4
-21 932 5
-20 1024 6
-19 1115 9
-18 1223 14
-17 1335 18
-16 1418 21 # includes Faroe Islands
-15 1512 24
-14 1582 24
-13 1717 32
-12 1861 34
-11 2023 41
-10 2199 52
-9 2366 65
-8 2564 72
-7 2733 77
-6 3039 90
-5 3290 104
-4 3573 123 1172
-3 3946 139 1193
-2 4268 161 1379
-1 4561 179 1430
0 4875 187 1489
