-37 3
-36 15
-35 15
-34 49
-33 55
-32 59
-31 60
-30 67 # https://github.com/CSSEGISandData/COVID-19/blob/master/csse_covid_19_data/csse_covid_19_time_series/time_series_covid19_confirmed_global.csv
-29 80
-28 94 # facebook
-27 109 #jhu
-26 110
-25 150
-24 196
-23 196
-22 256
-21 285
-20 294
-19 327
-18 366
-17 402
-16 456 21
-15 495 24 102
-14 536 30 116
-13 576 36 121
-12 609 40 132
-11 656 41 132
-10 710 46 157
-9 779 52 179
-8 865 58 201
-7 985 66 216
-6 1070 71 241
-5 1173 78 247
-4 1322 85 259
-3 1450 94 276
-2 1560 103 305
-1 1699 118 348
