-39 2 0 #date, cases, deaths
-38 3 0
-37 3 0
-36 5 0
-35 10 0
-34 10 0
-33 10 0
-32 10 0
-31 13 0
-30 17 0
-29 41 0
-28 79 0
-27 115 0
-26 171 0 # only serious symptoms from certain groups tested
-25 205 0
-24 225 0
-23 258 0
-22 267 0
-21 283 0
-20 306 0
-19 326 0
-18 352 0
-17 369 0
-16 404 1
-15 538 1 8
-14 575 1 11
-13 640 1 20
-12 679 3 20
-11 715 3 22
-10 745 4 26
-9 779 5 33
-8 858 11 45
-7 961 12 48
-6 1018 13 59
-5 1097 15 62
-4 1108 19 62
-3 1149 21 69
-2 1185 24 72
-1 1207 24
0 1258 24 93
