-100 0 0
-99 0 0
-98 0 0
-97 0 0
-96 0 0
-95 0 0
-94 0 0
-93 0 0
-92 0 0
-91 0 0
-90 0 0
-89 0 0
-88 0 0
-87 0 0
-86 0 0
-85 0 0
-84 0 0
-83 0 0
-82 0 0
-81 0 0
-80 0 0
-79 0 0
-78 0 0
-77 0 0
-76 0 0
-75 0 0
-74 0 0
-73 0 0
-72 1 1
-71 1 0
-70 1 0
-69 1 0
-68 1 0
-67 1 0
-66 1 0
-65 1 0
-64 1 0
-63 1 0
-62 1 0
-61 1 0
-60 1 0
-59 1 0
-58 1 0
-57 1 0
-56 1 0
-55 1 0
-54 1 0
-53 1 0
-52 1 0
-51 1 0
-50 1 0
-49 1 0
-48 1 0
-47 1 0
-46 1 0
-45 2 1
-44 2 0
-43 3 1
-42 5 2
-41 6 1
-40 7 1
-39 7 0
-38 11 4
-37 16 5
-36 17 1
-35 23 6
-34 30 7
-33 39 9
-32 55 16
-31 109 54
-30 182 73
-29 239 57
-28 267 28
-27 293 26
-26 339 46
-25 384 45
-24 425 41
-23 511 86
-22 603 92
-21 684 81
-20 766 82
-19 843 77
-18 925 82
-17 1023 98
-16 1122 99
-15 1227 105
-14 1317 90
-13 1388 71
-12 1447 59
-11 1562 115
-10 1674 112
-9 1796 122
-8 1932 136
-7 2112 180
-6 2180 68
-5 2280 100
-4 2450 170
-3 2619 169
-2 2711 92
