-45 13 1
-44 18 1
-43 38 1
-42 57 1
-41 100 1
-40 130 2
-39 191 2
-38 212 4
-37 285 4
-36 423 7
-35 613 9
-34 949 16
-33 1126 21
-32 1412 25
-31 1784 33
-30 2281 48
-29 2876 61
-28 3661 75
-27 4499 91
-26 5423 127
-25 6633 148
-24 7730 175
-23 9134 244
-22 10995 372
-21 12612 450
-20 14459 562
-19 16018 674
-18 19856 860
-17 22302 1100
-16 25233 1331
-15 29155 1696 4948
-14 32964 1995 5700
-13 37575 2314 6624
-12 40174 2606 7132
-11 44550 3024 7923
-10 52128 3523 9444
-9 56989 4032 10935
-8 59105 5387 12427
-7 64338 6507 14008
-6 68605 7560 15438
-5 70478 8078 16183 # check directly with origin, wiki returning bad data (extra cases not previously in the stats)
-4 74390 8911 17250 # https://www.santepubliquefrance.fr/maladies-et-traumatismes/maladies-et-infections-respiratoires/infection-a-coronavirus/articles/infection-au-nouveau-coronavirus-sars-cov-2-covid-19-france-et-monde
-3 78167 10328 19337
-2 82048 10869 21254
-1 86334 12210 23200
0 90676 13197 24932
