-42 16 0 #date cases deaths
-41 18 0
-40 21 0
-39 26 0
-38 53 0
-37 66 0
-36 117 0
-35 151 0
-34 188 0
-33 240 0
-32 349 0
-31 639 0
-30 795 0
-29 902 0
-28 1139 2
-27 1296 2
-26 1567 3
-25 2369 5
-24 3062 8
-23 3795 8
-22 4838 12 Wikipedia data is broken - use RKI
-21 6012 12 https://www.rki.de/DE/Content/InfAZ/N/Neuartiges_Coronavirus/Fallzahlen.html
-20 7156 12
-19 8198 12
-18 10999 20
-17 13957 31
-16 16662 47
-15 18610 55
-14 22672 86
-13 27436 114
-12 31554 149
-11 36508 198 5900
-10 42288 253 5900
-9 48582 325 9600
-8 52547 389 11500
-7 57298 455 11500
-6 61913 583 16100
-5 67366 732 18700
-4 73522 872 21400
-3 79696 1017 23800
-2 85778 1158 26400
-1 91714 1342 28700
0 95391 1434 30600
