-44 4 0
-43 5 0
-42 7 0
-41 8 0
-40 9 0
-39 9 0
-38 9 0
-37 11 0
-36 31 0
-35 46 0
-34 66 0
-33 73 0
-32 84 0
-31 89 0
-30 99 0
-29 117 1
-28 190 1
-27 228 3
-26 331 4
-25 352 4
-24 387 5
-23 418 5
-22 464 6
-21 495 10
-20 530 13
-19 624 15
-18 695 17
-17 743 20
-16 821 22
-15 892 26 42
-14 966 28 52
-13 1061 32 52
-12 1156 38 53
-11 1212 43 53
-10 1314 49 53
-9 1415 50 53
-8 1544 53 53
-7 1613 59 53
-6 1673 68 53
-5 1735 73 53
-4 1755 79 269
-3 1832 81 269
-2 1884 83 273
-1 1955 86 273
0 2011 90 301
