-49 2 0
-48 3 0
-47 4 0
-46 7 0
-45 9 0
-44 12 0
-43 12 0
-42 13 0
-41 16 0
-40 19 0
-39 30 0
-38 32 1
-37 39 1
-36 50 1
-35 58 1
-34 73 1
-33 85 4
-32 103 4
-31 131 6
-30 167 8
-29 187 9
-28 226 10
-27 261 10
-26 300 10 34
-25 343 10 34
-24 408 13 34
-23 447 15 34
-22 492 16 37
-21 525 20 40
-20 585 21 42
-19 623 26 43
-18 678 32 58
-17 733 34 66
-16 744 38 67
-15 817 47 71
-14 895 58 94
-13 980 66 96
-12 1190 77 112
-11 1310 85 115
-10 1410 99 118
-9 1458 109 120
-8 1512 122 122
-7 1579 134 192
-6 1652 142 199
-5 1763 156 207
-4 1834 172 231
-3 1916 189 250
-2 1984 199 267
-1 2098 213 287
0 2168 225 295
