-38 1 0 # date, cases, deaths
-37 1 0
-36 3 0
-35 9 0
-34 16 0
-33 26 0
-32 37 0
-31 45 0
-30 50 0
-29 58 0
-28 65 0
-27 81 0
-26 90 0
-25 113 0
-24 134 0
-23 161 0
-22 180 0
-21 199 0
-20 250 1
-19 330 1
-18 409 1
-17 473 1 https://www.landlaeknir.is/um-embaettid/greinar/grein/item38863/Stoduskyrslur---Ovissustig-vegna-koronaveiru-(2019-nCoV)
-16 568 1
-15 588 1
-14 648 1
-13 737 2
-12 802 2
-11 890 2
-10 963 2
-9 1020 2
-8 1086 2 157
-7 1135 2 198
-6 1220 2 228
-5 1319 4 270
-4 1364 4 314
-3 1417 4 430
-2 1486 4 428
-1 1562 6 460
