-80 2 0 0
-79 3 0 0
-51 6 0 3
-50 9 0 3
-49 32 0 3
-48 33 0 3
-47 34 0 3
-46 37 0 3
-45 43 0 3
-44 50 0 3
-43 65 0 4
-41 77 1 4
-40 87 2 10
-39 107 2 10
-38 113 2 13
-37 127 2 13
-36 146 3 14
-35 171 3 14
-34 199 3 14
-33 258 4 22
-32 334 5 23
-31 408 7 23
-30 505 9 34
-29 571 9 39
-28 657 10 43
-27 735 16 44
-26 834 18 74
-25 918 19 80
-24 1024 27 95
-23 1251 32 102
-22 1397 35 124
-21 1834 41 144
-20 2069 53 156
-19 2547 62 163
-18 3072 75 213
-17 3577 83 275
-16 4281 111 319
-15 4789 124 353
-14 5274 149 411
-13 5865 169 478
-12 6761 206 516
-11 7529 242 653
-10 8447 273 765
-9 9352 324 980
-8 10815 353 1190
-7 11933 392 1344
-6 12759 420 1515
-5 13835 452 1767
-4 14792 488 2015
-3 16116 519 2302
-2 17656 559 2842
-1 18985 603 3260
0 20471 652 3960
