-51 2 0
-50 2 0
-49 2 0
-48 2 0
-47 4 0
-46 4 0
-45 6 0
-44 19 0
-43 27 0
-42 34 1
-41 34 1
-40 69 4
-39 96 5
-38 117 5
-37 134 5
-36 172 7
-35 227 19
-34 308 25
-33 369 32
-32 450 38
-31 514 48
-30 579 49
-29 686 55
-28 790 58
-27 893 78 35
-26 1046 87 46
-25 1155 102 59
-24 1285 114 64
-23 1414 122 75
-22 1528 136 81
-21 1677 157 103
-20 1790 170 112
-19 1986 181 134
-18 2092 191 150
-17 2273 198 164
-16 2491 209 192
-15 2738 221 204
-14 2956 240 222
-13 3293 280 252
-12 3512 306 282
-11 3842 327 286
-10 4241 373 359
-9 4557 399 380
-8 4839 459 426
-7 5136 469 446
-6 5516 496 548
-5 5923 520 607
-4 6248 535 631
-3 6575 582 686
-2 6760 590 747
-1 7135 616 842
0 7418 635 913
