-49 2 2 #date cases deaths
-48 5 2
-47 18 4
-46 29 6
-45 43 8
-44 64 12
-43 95 16
-42 139 19
-41 245 26
-40 388 34
-39 593 43
-38 978 54
-37 1501 66
-36 2336 77
-35 2922 92
-34 3513 107
-33 4747 124
-32 5823 145
-31 6566 194
-30 7161 237
-29 8042 291
-28 9000 354
-27 10075 429
-26 11364 514
-25 12729 611
-24 13938 724
-23 14991 853
-22 16169 988
-21 17361 1135
-20 18407 1284
-19 19644 1433
-18 20610 1556
-17 21638 1638
-16 23049 1812
-15 24811 1934 # https://www.worldometers.info/coronavirus/country/iran/
-14 27077 2077
-13 29406 2234 10457
-12 32332 2378 11133
-11 35408 2517 11679
-10 38309 2640 12391
-9 41495 2757 13911
-8 44606 2898 14656
-7 47593 3036 15473
-6 50468 3160 16711
-5 53183 3294 17935
-4 55743 3452 19736
-3 58226 3603 22011
-2 60500 3739 24236
-1 62589 3872 27039
0 64586 3993 29812
