-50 2 0
-49 6 0
-48 13 0
-47 18 0
-46 19 0
-45 21 0
-44 24 0
-43 34 0
-42 43 1
-41 70 1
-40 90 1
-39 129 2
-38 169 2
-37 223 2
-36 292 2
-35 366 2
-34 557 3
-33 683 3
-32 785 3
-31 906 4
-30 1125 6
-29 1329 7
-28 1564 9
-27 1819 19
-26 2121 22
-25 2415 36
-24 2615 46 5
-23 2910 54 5
-22 3235 71 5
-21 3447 85 5
-20 3849 98 10
-19 4273 120 10
-18 4604 137 25
-17 4994 158 25
-16 5364 174 25
-15 5709 210 25
-14 6074 235 25
-13 6574 263 25
-12 8089 288 25
-11 8928 320 25
-10 9655 334 25
-9 10647 365 25
-8 11479 406 25
-7 12547 444 25
-6 13271 486 25
-5 13980 530 25
-4 14758 571 25
-3 15251 610 25
-2 15652 687 25
-1 16040 730 9233
0 16671 779 9233
