-48 1 0
-47 1 0
-46 1 0
-45 1 0
-44 1 0
-43 2 0
-42 3 0
-41 4 0
-40 7 0
-39 10 0
-38 10 0
-37 12 0
-36 15 0
-35 20 0
-34 37 0
-33 43 0
-32 61 0
-31 61 0
-30 83 0
-29 109 0
-28 143 0
-27 193 0
-26 213 0
-25 298 0
-24 324 0
-23 433 0
-22 677 0
-21 705 1
-20 883 1
-19 1071 1
-18 1442 1
-17 1930 3
-16 2369 5
-15 2693 8 70
-14 3035 12 79
-13 3824 12 89
-12 4247 15 132
-11 4782 16 161
-10 5523 20 224
-9 6186 25 226
-8 6901 34 334
-7 7428 39 357
-6 7989 43 458
-5 8618 49 546
-4 8904 57 670
-3 9248 65 770
-2 9404 71 801
-1 10067 86 1011
0 10095 93 1061
