-38 3 0
-37 20 1
-36 79 2
-35 150 3
-34 227 6
-33 320 10
-32 445 12
-31 650 17
-30 888 21
-29 1128 29
-28 1694 34
-27 2036 52
-26 2502 79
-25 3089 107
-24 3858 148
-23 4636 197
-22 5883 233
-21 7375 366
-20 9172 463
-19 10749 631
-18 12462 827
-17 15113 1016
-16 17660 1266
-15 21157 1441
-14 24747 1809
-13 27980 2158
-12 31506 2503
-11 35713 2978
-10 41035 3405
-9 47021 4032
-8 53578 4825
-7 59138 5476
-6 63927 6077
-5 69176 6820
-4 74386 7503
-3 80539 8165
-2 86498 9134
-1 92472 10023
0 97689 10779
