-97 1
-96 1
-95 1
-94 1
-93 1
-92 1
-91 1
-90 1
-89 3
-88 3
-87 4
-86 6
-85 7
-84 11
-83 14
-82 17
-81 20
-80 20
-79 20
-78 23 2
-77 25 4
-76 25 4
-75 25 4
-74 26 4
-73 26 4
-72 26 4
-71 26 4
-70 28 11
-69 33 1 12
-68 41 1 12
-67 53 1 12
-66 59 1 16
-65 65 1 16
-64 73 1 18
-63 85 1 20
-62 93 1 20
-61 105 1 21
-60 132 1 24
-59 144 1 26
-58 157 1 27
-57 164 1 32
-56 186 3 40
-55 210 4 41
-54 230 5 42
-53 239 5 42
-52 254 6 43
-51 268 6 46
-50 284 6 48
-49 317 6 49
-48 349 6 60
-47 408 6 67
-46 455 6 80
-45 488 7 101
-44 514 9 102
-43 568 12 118
-42 620 15 123
-41 675 19 135
-40 716 21 144
-39 780 22 157
-38 814 24 164
-37 829 28 171
-36 873 29 191
-35 914 31 215
-34 950 33 227
-33 1007 35 232
-32 1046 36 272
-31 1086 41 285
-30 1128 42 301
-29 1193 43 310
-28 1291 45 310
-27 1364 46 359
-26 1499 49 359
-25 1693 52 404
-24 1866 52 408
-23 1953 56 425
-22 2178 57 472
-21 2384 57 472
-20 2617 63 505
-19 2920 69 505
-18 3139 77 514
-17 3654 85 575
-16 3906 92 592
-15 4257 93 622
-14 4667 94 632
-13 5347 99 665
-12 6005 99 685
-11 6923 132 714
-10 7255 123 784
-9 7645 143 799
-8 8100 119 799
-7 8582 136 799
-6 9167 148 799
-5 9654 154 799
-4 10361 161 1159
-3 10751 171 1239
-2 11119 186 1356
-1 11496 277 2040
