-58 5 0
-57 11 0
-56 26 0
-55 43 0
-54 45 0
-53 45 0
-52 46 0
-51 56 0
-50 56 0
-49 56 0
-48 58 0
-47 58 0
-46 61 0
-45 64 0
-44 65 0
-43 69 0
-42 72 0
-41 80 0
-40 100 0
-39 104 0
-38 112 0
-37 123 0
-36 130 0
-35 142 0
-34 148 0
-33 159 0
-32 176 0
-31 188 0
-30 189 0
-29 191 0
-28 195 0
-27 208 0
-26 225 0
-25 235 0
-24 255 0 67
-23 266 0 72
-22 289 0 73
-21 317 0 80
-20 342 0 81
-19 417 0
-18 479 0
-17 556 1
-16 665 1 103
-15 739 1
-14 855 1 111
-13 910 1 111
-12 993 1 123
-11 1154 1 133
-10 1234 1 142
-9 1300 2 150
-8 1355 3 176
-7 1405 3 206
-6 1524 3 225
-5 1658 5 258
-4 1751 6 280
-3 1915 7 305
-2 1995 9 367
-1 2080 11 412
0 2248 13 443
