-48 15
-47 55
-46 112
-45 173
-44 240
-43 305
-42 403
-41 531
-40 615
-39 984
-38 1254
-37 1520
-36 1820
-35 2251
-34 2612
-33 3420
-32 4189
-31 5469
-30 5791
-29 6391
-28 7280 1489
-27 8725 1445
-26 9820 1095
-25 11685 1865
-24 13272 1587
-23 14649 1377
-22 16220 1571
-21 17713 1493
-20 19884 2171
-19 22264 2380 #date cases diff (col 3 not deaths)
-18 25515 3251
-17 27206 1691
-16 28761 1555
-15 30703 1942
-14 32346 1643
-13 34889 2543
-12 37298 2409
-11 39415 2117
-10 41007 1592
-9 42161 1154
-8 43208 1047
-7 44773 1565
-6 46065 1292
-5 47520 1455
-4 49118 1598
-3 50455 1337
-2 51534 1079
-1 52325 791
