-48 2 0
-47 3 0
-46 4 0
-45 5 0
-44 5 0
-43 7 0
-42 7 0
-41 26 0
-40 34 1
-39 51 1
-38 77 1
-37 81 1
-36 140 1
-35 203 2
-34 335 4
-33 484 4
-32 670 8
-31 798 8
-30 875 8
-29 1099 8
-28 1333 8
-27 1453 9 6
-26 1605 15 40
-25 1831 18 40
-24 1950 21 40
-23 1988 22 80
-22 2178 23 80
-21 2319 29 80
-20 2478 30 80
-19 2612 31 500
-18 2729 31 500
-17 2804 31 500
-16 2843 41 500
-15 2970 44 500
-14 3034 46 500
-13 3115 52 500
-12 3223 54 500
-11 3270 62 500
-10 3281 66 500
-9 3292 67 500
-8 3307 67 500
-7 3373 69 526
-6 3444 69 552
-5 3480 73 579
-4 3537 73 601
-3 3550 74 627
-2 3558 76 637
-1 3618 79 670
