-74 3
-73 4
-72 4
-71 4
-70 7
-69 8
-68 8
-67 8
-66 8
-65 8
-64 10
-63 12
-62 12
-61 12
-60 16
-59 16
-58 18
-57 18
-56 18
-55 19
-54 19
-53 22
-52 22
-51 22
-50 22
-49 22
-48 22
-47 22
-46 22
-45 22
-44 22
-43 22
-42 22
-41 23
-40 23
-39 25
-38 29
-37 29
-36 36
-35 50
-34 50
-33 83
-32 93
-31 99
-30 117
-29 129
-28 149
-27 158 0
-26 197 0
-25 238 0
-24 428 0
-23 553 0
-22 673 2
-21 790 3
-20 900 3
-19 1030 4
-18 1183 8
-17 1306 11
-16 1518 14
-15 1624 16
-14 1796 20
-13 2031 23 215
-12 2161 26 259
-11 2320 27 320
-10 2470 34 388
-9 2626 37 479
-8 2766 43 537
-7 2908 45 645
-6 3116 50 767
-5 3333 53 827
-4 3483 57 915
-3 3662 61 1005
-2 3793 62 1241
-1 3963 63 1321
0 4119 65 1487
