-41 1 0 #from https://en.wikipedia.org/wiki/2020_coronavirus_outbreak_in_the_Netherlands, various original sources, but verified against WHO data.
-40 2 0
-39 6 0
-38 9 0
-37 19 0
-36 24 0
-35 38 0
-34 82 0
-33 128 1
-32 188 1
-31 264 3
-30 321 4
-29 382 4
-28 503 5
-27 614 5 # https://www.rivm.nl/coronavirus-kaart-van-nederland
-26 804 10
-25 959 12
-24 1135 20
-23 1413 24
-22 1705 43
-21 2051 58
-20 2460 76
-19 2994 106
-18 3631 136
-17 4204 179
-16 4749 213
-15 5560 276
-14 6412 356
-13 7431 434
-12 8603 546
-11 9762 639
-10 10866 771
-9 11750 864
-8 12595 1039
-7 13614 1173
-6 14697 1339
-5 15723 1487
-4 16627 1651
-3 17851 1766
-2 18803 1867
-1 19580 2101
0 20549 2248
