-43 6
-42 8
-41 8
-40 12
-39 20
-38 28
-37 39
-36 52
-35 66
-34 102
-33 155
-32 205
-31 283
-30 368 37
-29 451 50
-28 514 1 56
-27 589 1 63
-26 647 1 74
-25 708 1 82
-24 797 1 92
-23 868 1 103
-22 950 1 127
-21 1039 1 156
-20 1106 1 176
-19 1160 1 241
-18 1210 1 282
-17 1239 1 317
-16 1283 2 373
-15 1312 4 422
-14 1330 4 471
-13 1349 5 546
-12 1366 9 628
-11 1386 9 728
-10 1401 9 770
-9 1409 11 816
-8 1422 11 867
-7 1431 12 912
-6 1440 12 970
-5 1445 13 1006
-4 1448 14 1036
-3 1451 16 1065
-2 1456 17 1095
-1 1461 18 1118
0 1470 18 1142
