-44 1 0 # source: https://www.fhi.no/en/news/2020/Status-coronavirus-Wednesday-11-March2020/
-43 4 0
-42 7 0
-41 15 0
-40 19 0
-39 25 0
-38 33 0
-37 54 0
-36 84 0
-35 111 0
-34 145 0
-33 167 0
-32 190 0
-31 275 0
-30 489 0
-29 621 1 # some reports higher https://www.fhi.no/nyheter/2020/status-koronavirus-12.-mars-2020/
-28 750 1
-27 907 2
-26 1077 2
-25 1169 2
-24 1308 2
-23 1423 3 # https://www.fhi.no/nyheter/2020/
-22 1552 6
-21 1742 6
-20 1926 7
-19 2132 7
-18 2371 10
-17 2566 10
-16 2830 14
-15 3156 14 1
-14 3581 16 1
-13 3845 20 7
-12 4102 22 7
-11 4226 27 7
-10 4447 28 7
-9 4655 32 7
-8 4935 42 7
-7 5208 44 7
-6 5510 50 7
-5 5640 58 7
-4 5755 59 7
-3 5863 69 7
-2 6010 80 7
-1 6160 88
0 6244 92
