-28 6 0
-27 16 0
-26 19 0
-25 20 0
-24 28 0
-23 31 0
-22 53 0
-21 136 0
-20 237 0
-19 302 2 #https://www.nih.org.pk/wp-content/uploads/2020/03/COVID-19-Daily-Updated-SitRep-19-Mar-2020.pdf
-18 461 2 #https://www.nih.org.pk/wp-content/uploads/2020/03/COVID-19-Daily-Updated-SitRep-20-Mar-2020.pdf
-17 495 3
-16 646 3
-15 784 5
-14 887 6
-13 991 7
-12 1057 8
-11 1197 9 23
-10 1408 11 26
-9 1526 13 28
-8 1625 18 32
-7 1865 25 58
-6 2039 26 82
-5 2291 31 107
-4 2450 35 126
-3 2708 40 130
-2 2818 41 150
-1 3059 45 170
