-49 1 0
-48 1 0
-47 5 0
-46 6 0
-45 11 0
-44 17 0
-43 22 0
-42 31 0
-41 51 1
-40 68 2
-39 104 3
-38 125 3
-37 177 4
-36 238 5
-35 287 5
-34 355 5
-33 425 5
-32 536 5
-31 634 7
-30 749 8
-29 884 10
-28 1051 14
-27 1221 16 9
-26 1389 16 12
-25 1638 21 20
-24 1862 22 23
-23 2055 31 35
-22 2311 33 35
-21 2554 43 47
-20 2946 57 47
-19 3383 71 47
-18 3627 79 116
-17 4102 94 134
-16 4413 107 162
-15 4848 129 191
-14 5205 158 222
-13 5575 174 284
-12 5955 181 318
-11 6356 208 375
-10 6674 232 439
-9 6934 245 487
-8 7202 263 618
-7 7582 286 668
-6 7918 314 774
-5 8379 332 866
-4 8742 347 981
-3 9287 360 1040
-2 9593 380 1133
-1 9856 401 1297
0 10169 426 1513
