-55 2 0
-54 4 0
-53 6 0
-52 9 0
-51 13 0
-50 21 0
-49 30 0
-48 39 0
-47 41 0
-46 59 0
-45 78 0
-44 112 0
-43 169 0
-42 256 0
-41 331 1
-40 448 1
-39 642 2
-38 785 3
-37 1020 6
-36 1280 12
-35 1600 14
-34 2060 23
-33 2362 33
-32 2995 43
-31 3544 60 43
-30 4268 76 43
-29 5170 100 43
-28 5962 119 43
-27 6408 140 43
-26 7443 160 43
-25 8251 187 43
-24 9034 209 68
-23 9886 246 68
-22 10524 266 75
-21 11278 295 75
-20 11730 311 140
-19 12442 345 184
-18 13141 380 196
-17 13956 409 205
-16 15472 435 233
-15 15987 470 266
-14 16585 504 277
-13 16934 535 277
-12 17448 567 347
-11 18091 599 383
-10 18841 629 493
-9 19022 657 519
-8 19685 687 610
-7 20206 714 610
-6 20863 735 610
-5 21379 762 917
-4 21982 785 1143
-3 22353 820 1201
-2 22797 854 1228
-1 23392 880 1277
0 23864 903 1329
