-52 1 0
-51 3 0
-49 7 0
-48 8 0
-47 8 0
-46 8 0
-45 8 0
-44 15 0
-43 18 0
-42 24 0
-41 262 0
-40 320 0
-39 337 0
-38 401 0
-37 439 0
-36 442 0
-35 452 0
-34 460 0 #https://www.moph.gov.qa/english/Pages/Coronavirus2019.aspx
-33 470 0
-32 481 0
-31 494 0
-30 501 0
-29 526 0
-28 537 0
-27 549 0
-26 562 0 43
-25 590 0 45
-24 634 1 48
-23 693 1 51
-22 781 2 62
-21 835 2 71
-20 949 3 72
-19 1075 3 93
-18 1325 3 109
-17 1604 4 123
-16 1832 4 131
-15 2057 6 150
-14 2210 6 178
-13 2376 6 206
-12 2512 6 227
-11 2728 6 247
-10 2979 7 275
-9 3231 7 334
-8 3428 7 373
-7 3711 7 406
-6 4103 7 415
-5 4663 7 464
-4 5008 8 510
-2 6015 9 555
-1 6533 9 614
