-51 1 0
-49 2 0
-48 5 0
-46 7 0
-45 11 0
-44 15 0
-43 20 0
-42 45 0
-41 62 0
-40 86 0
-39 103 0
-38 118 0
-37 133 0
-36 171 0
-35 238 0
-34 274 0
-33 344 0
-32 392 0
-31 511 0
-30 562 1
-29 767 1
-28 900 1
-27 1012 2
-26 1104 3 35
-25 1203 4 37
-24 1299 8 66
-23 1453 8 115
-22 1563 10 165
-21 1720 16 264
-20 1885 21 328
-19 2039 25 351
-18 2179 29 420
-17 2385 34 488
-16 2523 38 551
-15 2795 41 615
-14 2932 41 631
-13 3287 44 666
-12 3651 47 685
-11 4033 52 720
-10 4462 59 761
-9 4934 65 805
-8 5369 73 889
-7 5862 79 931
-6 6380 86 990
-5 7142 87 1049
-4 8274 92 1329
-3 9362 97 1398
-2 10484 103 1490
-1 11631 109 1640
0 12772 114 1812
