-66 0 0
-65 1 0
-64 3 0
-63 3 0
-62 4 0
-61 5 0
-60 7 0
-59 7 0
-58 10 0
-57 13 0
-56 16 0
-55 18 0
-54 18 0
-53 24 0
-52 28 0
-51 28 0
-50 30 0
-49 33 0
-48 40 0
-47 45 0
-46 47 0
-45 50 0
-44 58 0
-43 67 0
-42 72 0
-41 75 0
-40 77 0
-39 81 0
-38 84 0
-37 84 0
-36 85 0
-35 85 0
-34 89 0
-33 89 0
-32 91 0
-31 93 0
-30 93 0
-29 93 0
-28 102 0
-27 106 0
-26 108 0
-25 110 0
-24 110 0
-23 117 0
-22 130 0
-21 138 0
-20 150 0
-19 150 0
-18 160 0
-17 178 0
-16 187 0
-15 200 0
-14 212 0
-13 226 0
-12 243 0
-11 266 0
-10 313 0
-9 345 0
-8 385 0
-7 432 2
-6 455 2
-5 509 2
-4 558 2
-3 631 2
-2 683 2
-1 732 2
0 802 2
