-49 1 0
-48 6 0
-47 8 0
-46 12 0
-45 16 0
-44 25 0
-43 34 0
-42 57 0
-41 96 0
-40 141 0
-39 181 1
-38 219 1
-37 253 1
-36 275 1
-35 286 1
-34 319 1
-33 341 1
-32 383 1
-31 414 2
-30 442 3
-29 480 4
-28 526 5
-27 562 6
-26 632 9 10
-25 684 9 10
-24 730 11 10
-23 756 11 10
-22 802 15 16
-21 841 17 16
-20 897 18 16
-19 934 20 16
-18 977 22 16
-17 997 28 21
-16 1021 30 25
-15 1055 36 115
-14 1091 40 120
-13 1124 43 128
-12 1160 45 137
-11 1188 50 148
-10 1205 53 150
-9 1212 55 152
-8 1220 56 152
-7 1248 61 165
-6 1269 61 174
-5 1305 66 183
-4 1318 70 191
-3 1331 74 193
-2 1336 77 194
-1 1345 77 201
0 1354 79 209
