-44 7 0
-43 7 0
-42 10 0
-41 21 0
-40 32 0
-39 44 0
-38 61 0
-37 72 0
-36 97 0
-35 105 0
-34 124 0
-33 138 0
-32 179 0
-31 186 0
-30 205 0
-29 216 0
-28 226 0
-27 269 0 2 #https://www.korona.gov.sk/
-26 292 0 2
-25 314 0 2
-24 336 0 2
-23 363 0 2
-22 400 1 3
-21 426 1 3
-20 450 1 8
-19 471 1 8
-18 485 1 8
-17 534 1 8
-16 581 2 8
-15 682 2 16
-14 701 2 16
-13 715 2 23
-12 728 2 23
-11 742 2 23
-10 769 2 107
-9 835 2 107
-8 863 2 151
-7 977 8 167
-6 1049 9 175
-5 1089 11 213
-4 1161 12 229
-3 1173 13 251
-2 1199 14 258
-1 1244 14 284
