-93 1 0
-89 2 0
-88 2 0
-87 3 0
-86 4 0
-83 6 0
-82 11 0
-81 12 0
-80 15 0
-79 15 0
-78 16 0
-77 19 0
-76 23 0
-75 24 0
-74 24 0
-73 27 0
-72 27 0
-71 28 0
-70 28 0
-69 28 0
-68 28 0
-67 28 0
-66 29 0
-65 30 0
-64 31 0
-63 51 0
-62 104 1
-61 204 2
-60 433 2
-59 602 4
-58 833 7
-57 977 10
-56 1261 12
-55 1766 13
-54 2337 13
-53 3150 17
-52 4212 22
-51 4812 28
-50 5328 32
-49 5766 35
-48 6284 42
-47 6767 44
-46 7134 50
-45 7382 51
-44 7513 54
-43 7755 60
-42 7869 66
-41 7979 67
-40 8086 72
-39 8162 75
-38 8236 75
-37 8320 81
-36 8413 84
-35 8565 91
-34 8652 94
-33 8799 102
-32 8897 104
-31 8961 111
-30 9037 120
-29 9137 126
-28 9241 131
-27 9332 139
-26 9478 144 4811
-25 9583 152 5033
-24 9661 158 5228
-23 9786 162 5408
-22 9887 165 5567
-21 9976 169 5828
-20 10062 174 6021
-19 10156 177 6325
-18 10237 183 6463
-17 10284 186 6598
-16 10331 192 6694
-15 10384 200 6776
-14 10423 204 6973
-13 10450 208 7117
-12 10480 211 7243
-11 10512 214 7368
-10 10537 217 7447
-9 10564 222 7534
-8 10591 225 7616
-7 10613 229 7757
-6 10635 230 7829
-5 10653 232 7937
-4 10661 234 8042
-3 10674 236 8114
-2 10683 237 8213
-1 10694 238 8277
