-67 8 1 # https://www.mscbs.gob.es/profesionales/saludPublica/ccayes/alertasActual/nCov-China/situacionActual.htm
-56 14 1
-55 26 1
-54 45 1
-53 59 1
-52 84 1
-51 125 1
-50 169 2
-49 228 2
-48 282 3
-47 365 8
-46 430 10
-45 674 17
-44 1231 30
-43 1695 36
-42 2277 55
-41 3146 86
-40 5232 133
-39 6391 196 # https://www.rtve.es/noticias/20200314/mapa-del-coronavirus-espana/2004681.shtml
-38 7844 294
-37 9942 342
-36 11826 533
-35 14729 638
-34 18077 833
-33 21571 1093
-32 25496 1381
-31 29909 1813
-30 35480 2342
-29 42058 2994
-28 50105 3650
-27 56347 4154 7015
-26 65719 5138 9357
-25 73232 5982 12285
-24 80110 6803 14709
-23 85199 7424 16780
-22 95923 8464 19259
-21 104118 9387 22647
-20 112065 10348 26743
-19 119199 11198 30513
-18 126168 11947 34219
-17 131646 12641 38080
-16 136675 13341 40437
-15 141942 14045 43208
-14 148220 14792 48021
-13 153222 15447 52165
-12 158273 16081 55668
-11 163027 16606 59109
-10 166831 17209 62391
-9 170099 17756 64727
-8 174060 18255 67504
-7 180659 18812 70853
-6 184948 19315 74797
-5 190839 20002 72963
-4 194416 20639 74662
-3 198674 21238 77357
-2 200210 20852 80587
-1 204178 21282 82514
0 208389 21717 85915
