-40 2 0
-39 7 0
-38 11 0
-37 13 0
-36 14 0
-35 15 0
-34 30 0
-33 52 0
-32 94 0
-31 137 0
-30 161 0
-29 203 0
-28 260 0
-27 356 0
-26 500 1
-25 687 1
-24 814 1
-23 941 2
-22 1032 3
-21 1121 7
-20 1190 8
-19 1292 10
-18 1439 11
-17 1650 16
-16 1770 20
-15 1931 23
-14 2059 33
-13 2272 36
-12 2526 66
-11 2840 77 1
-10 3046 92 1
-9 3447 105 1
-8 3700 110 1
-7 4028 146 1 # https://experience.arcgis.com/experience/09f821667ce64bf7be6f9f87457ed9aa
-6 4435 180 1
-5 4947 239 1
-4 5466 282 1
-3 6131 358 1
-2 6443 373 1
-1 6830 401 1
0 7206 477 1
