-41 1 0
-40 2 0
-39 8 0
-38 13 0
-37 18 0
-36 22 0
-35 40 0
-34 55 0
-33 72 0
-32 102 1
-31 198 1
-30 245 1
-29 352 2
-28 362 2
-27 480 4
-26 640 6
-25 858 6
-24 1139 7
-23 1359 12
-22 2217 14
-21 2352 21
-20 2650 27
-19 3070 31
-18 3888 41
-17 5369 53
-16 6113 56
-15 7014 60 # https://www.bag.admin.ch/bag/en/home/krankheiten/ausbrueche-epidemien-pandemien/aktuelle-ausbrueche-epidemien/novel-cov.html
-14 8060 66
-13 8836 86
-12 9765 103
-11 10714 171
-10 12161 211
-9 13213 235
-8 14336 257
-7 15475 295
-6 16176 373
-5 17139 378
-4 18267 432
-3 19303 484
-2 20278 540 4846
-1 21100 559 6415
