-71 2 0
-70 3 0
-69 5 0
-68 7 0
-67 8 0
-66 8 0
-65 14 0
-64 14 0
-63 14 0
-62 19 0
-61 19 0
-60 19 0
-59 19 0
-58 25 0
-57 25 0
-56 25 0
-55 25 0
-54 32 0
-53 32 0
-52 32 0
-51 33 0
-50 33 0
-49 33 0
-48 33 0
-47 33 0
-46 34 0
-45 35 0
-44 35 0
-43 35 0
-42 35 0
-41 35 0
-40 35 0
-39 35 0
-38 35 0
-37 37 0
-36 40 0
-35 40 0
-34 41 0
-33 42 0
-32 42 1
-31 43 1
-30 43 1
-29 43 1
-28 47 1
-27 48 1
-26 50 1
-25 50 1
-24 50 1
-23 53 1
-22 59 1
-21 70 1
-20 75 1
-19 82 1
-18 114 1
-17 147 1
-16 177 1
-15 212 1
-14 272 1
-13 322 1
-12 411 1
-11 599 1
-10 721 1
-9 827 4
-8 934 4
-7 1045 4
-6 1136 5
-5 1245 5
-4 1388 7
-3 1524 9
-2 1651 10
-1 1771 12
0 1875 15
