-41 15 0
-40 20 0
-39 23 0
-38 35 0
-37 40 0
-36 51 0
-35 85 0
-34 115 1
-33 163 2
-32 209 2
-31 273 3
-30 319 5
-29 373 6
-28 456 8
-27 596 8
-26 798 10
-25 1140 21
-24 1372 35
-23 1543 55
-22 1950 71
-21 2626 103
-20 3269 144
-19 3983 177
-18 5018 233
-17 5683 281
-16 6650 335
-15 8077 422
-14 9529 463
-13 11658 578
-12 14543 759
-11 17089 1019
-10 19522 1228
-9 22141 1408
-8 25150 1789
-7 29474 2352
-6 33718 2921
-5 38168 3605
-4 41903 4313
-3 47806 4934
-2 51608 5373
-1 55242 6159
0 60773 7097
