-42 15 0
-41 15 0
-40 19 0
-39 24 1
-38 42 2
-37 57 6
-36 85 9
-35 111 12
-34 175 12
-33 252 18
-32 352 19
-31 495 22
-30 643 26
-29 932 31
-28 1203 38
-27 1598 42
-26 2160 49
-25 2820 56
-24 3494 62
-23 4372 75
-22 5656 96
-21 8074 122
-20 12018 174
-19 17438 229
-18 23709 294
-17 32341 405
-16 42749 516
-15 52658 670
-14 64661 929
-13 81781 1147
-12 100292 1476
-11 121099 2038
-10 141701 2462 4559
-9 162126 2968 5506
-8 186082 3806 7251
-7 212814 4746 8878
-6 241626 5821 10403
-5 273808 7007 12283
-4 307036 8352 14825
-3 333593 9534 17977
-2 362955 10748 19573
-1 393602 12675 21674
0 434698 14787 23774
