2020-03-09 0 0.1 0 0
2020-03-10 2 2.05 0 0.0
2020-03-11 1 2.5124999999999997 1 0.25
2020-03-12 16 9.865625 0 0.1875
2020-03-13 8 11.07578125 0 0.140625
2020-03-14 10 11.9119140625 1 0.35546875
2020-03-15 10 11.852001953125 0 0.2666015625
2020-03-16 11 11.85904541015625 0 0.199951171875
2020-03-17 19 15.647805786132814 0 0.14996337890625
2020-03-18 13 15.380234527587891 0 0.1124725341796875
2020-03-19 18 17.15139026641846 1 0.3343544006347656
2020-03-20 15 16.749120569229127 0 0.2507658004760742
2020-03-21 36 26.610705578327178 0 0.18807435035705566
2020-03-22 24 27.88882168829441 0 0.14105576276779175
2020-03-23 14 22.55567432120442 0 0.10579182207584381
2020-03-24 17 19.250182057358323 0 0.07934386655688286
2020-03-25 24 20.534890411095695 0 0.059507899917662144
2020-03-26 22 21.043521985190456 0 0.04463092493824661
2020-03-27 29 25.036957275940225 0 0.033473193703684956
2020-03-28 38 32.52443560233005 4 1.0251048952777637
2020-03-29 15 26.137065864942453 1 1.0188286714583228
2020-03-30 13 19.159114530013042 0 0.7641215035937421
2020-03-31 40 27.630360230045074 0 0.5730911276953066
2020-04-01 23 26.45839302254982 2 0.9298183457714799
2020-04-02 35 31.00781116316474 1 0.94736375932861
2020-04-03 28 30.780567442681015 3 1.4605228194964575
2020-04-04 18 24.9718037217689 4 2.095392114622343
2020-04-05 28 25.324470930870618 2 2.0715440859667575
2020-04-06 18 21.169686802703822 2 2.0536580644750684
2020-04-07 28 23.29987303794447 1 1.7902435483563013
2020-04-08 16 19.539997896078674 1 1.592682661267226
