2020-03-2 1 1 0 0
2020-03-3 1 1.0 0 0.0
2020-03-4 3 2.0 0 0.0
2020-03-5 4 3.25 0 0.0
2020-03-6 7 5.5625 0 0.0
2020-03-7 7 7.078125 0 0.0
2020-03-8 6 7.31640625 0 0.0
2020-03-9 6 7.1064453125 0 0.0
2020-03-10 25 16.224853515625 0 0.0
2020-03-11 31 25.97784423828125 0 0.0
2020-03-12 22 27.609878540039062 0 0.0
2020-03-13 25 28.523426055908203 0 0.0
2020-03-14 48 39.59934329986572 0 0.0
2020-03-15 109 77.73746609687805 0 0.0
2020-03-16 85 92.6221609711647 0 0.0
2020-03-17 67 89.15896816551685 0 0.0
2020-03-18 110 103.38762972131371 0 0.0
2020-03-19 205 159.65505306888372 0 0.0
2020-03-20 124 158.6250014754478 0 0.0
2020-03-21 106 140.45372530986788 0 0.0
2020-03-22 125 132.25465589961095 1 0.25
2020-03-23 116 121.84145721957975 0 0.1875
2020-03-24 158 136.1744935746692 1 0.390625
2020-03-25 260 199.79738835854664 4 1.29296875
2020-03-26 271 252.1594886608487 3 1.7197265625
2020-03-27 354 324.55066664678753 0 1.289794921875
2020-03-28 352 367.1085889780601 2 1.46734619140625
2020-03-29 186 301.61040289918134 5 2.3505096435546875
2020-03-30 159 226.45870913494662 7 3.5128822326660156
2020-03-31 332 258.5181849690926 12 5.634661674499512
2020-04-01 281 267.41837664389243 7 5.975996255874634
2020-04-02 269 269.26387832031924 8 6.481997191905975
2020-04-03 332 301.62065957845283 6 6.3614978939294815
