2020-02-28 1 1 0 0
2020-02-29 1 1.0 0 0.0
2020-03-01 1 1.0 0 0.0
2020-03-02 0 0.5 0 0.0
2020-03-03 6 3.125 0 0.0
2020-03-04 5 4.65625 0 0.0
2020-03-05 5 5.5078125 0 0.0
2020-03-06 3 4.806640625 0 0.0
2020-03-07 6 5.50439453125 0 0.0
2020-03-08 8 6.9771728515625 0 0.0
2020-03-09 55 31.469268798828125 0 0.0
2020-03-10 172 108.0979995727539 0 0.0
2020-03-11 252 202.38786506652832 0 0.0
2020-03-12 160 215.93583154678345 1 0.25
2020-03-13 128 192.72585690021515 0 0.1875
2020-03-14 32 116.93940535187721 1 0.390625
2020-03-15 39 61.31132823973894 2 0.79296875
2020-03-16 57 36.91945762373507 1 0.8447265625
2020-03-17 92 47.24365790979937 1 0.883544921875
2020-03-18 91 63.094843575381674 3 1.41265869140625
2020-03-19 108 86.49672551432741 5 2.3094940185546875
2020-03-20 112 105.57348510521842 4 2.7321205139160156
2020-03-21 83 102.21849362435933 3 2.7990903854370117
2020-03-22 94 101.23637447783995 3 2.849317789077759
2020-03-23 70 86.93622128512027 0 2.136988341808319
2020-03-24 135 108.05208936748036 8 3.6027412563562393
2020-03-25 144 129.8470010667903 2 3.2020559422671795
2020-03-26 162 153.2827066497477 7 4.151541956700385
2020-03-27 176 174.17988277878948 11 5.8636564675252885
2020-03-28 167 180.58350014861298 13 7.647742350643966
2020-03-29 198 195.8894337963715 7 7.485806762982975
2020-03-30 169 189.57004217115787 5 6.864355072237231
2020-03-31 306 249.7678358157616 13 8.398266304177923
2020-04-01 251 266.42477368412307 14 9.798699728133442
2020-04-02 283 286.897049197273 19 12.099024796100082
2020-04-03 373 341.15892465452976 16 13.074268597075061
2020-04-04 322 350.75013121952566 22 15.305701447806296
