2020-03-03 1 1 0 0
2020-03-04 0 0.1 0 0.0
2020-03-05 2 0.55 0 0.0
2020-03-06 5 2.6375 0 0.0
2020-03-07 0 1.771875 0 0.0
2020-03-08 0 0.8960937500000001 0 0.0
2020-03-09 0 0.2341796875000001 0 0.0
2020-03-10 3 1.344677734375 0 0.0
2020-03-11 4 2.81375732421875 0 0.0
2020-03-12 24 13.844857788085937 0 0.0
2020-03-13 38 28.899193572998048 0 0.0
2020-03-14 36 37.70156307220459 0 0.0
2020-03-15 56 51.677357053756715 0 0.0
2020-03-16 34 48.745914781093596 0 0.0
2020-03-17 20 36.59371494948864 0 0.0
2020-03-18 33 32.869186296314 0 0.0
2020-03-19 9 19.03962539564818 0 0.0
2020-03-20 16 13.114938596403224 0 0.0
2020-03-21 23 14.373860547679941 0 0.0
2020-03-22 20 15.659856386398314 0 0.0
2020-03-23 26 20.387890209157923 0 0.0
2020-03-24 17 19.654934568248247 0 0.0
2020-03-25 35 27.62472310573135 1 0.25
2020-03-26 134 82.95343659804006 0 0.1875
2020-03-27 37 74.87943419468439 0 0.140625
2020-03-28 65 75.37257444433547 0 0.10546875
2020-03-29 39 60.02600095807714 2 0.5791015625
2020-03-30 36 45.59621397542869 0 0.434326171875
2020-03-31 30 32.98226699024729 1 0.57574462890625
2020-04-01 34 27.92972675009477 1 0.6818084716796875
2020-04-02 79 49.42102494249482 6 2.0113563537597656
2020-04-03 103 79.56141780307114 1 1.7585172653198242
2020-04-04 57 77.49125978259151 1 1.5688879489898682
2020-04-05 79 82.33336582670383 2 1.6766659617424011
2020-04-06 11 49.92107739208402 4 2.257499471306801
2020-04-07 41 38.98466382675312 2 2.1931246034801006
2020-04-08 36 31.520291087399386 3 2.3948434526100755
2020-04-09 22 21.908031945872672 0 1.7961325894575566
2020-04-10 51 31.624894388641145 0 1.3470994420931675
2020-04-11 46 38.8271020128651 0 1.0103245815698756
2020-04-12 5 23.7214303217608 1 1.0077434361774067
2020-04-13 23 20.488236895768452 2 1.255807577133055
2020-04-14 41 28.499580958830165 4 1.9418556828497913
2020-04-15 27 28.63035775065348 4 2.4563917621373434
2020-04-16 34 31.788156708901766 1 2.0922938216030076
2020-04-17 25 29.420017010800468 2 2.0692203662022557
2020-04-18 53 41.1309429090497 0 1.5519152746516918
2020-04-19 16 31.453670130911892 2 1.6639364559887688
2020-04-20 7 18.251616209115014 0 1.2479523419915766
2020-04-21 17 13.837685195937823 3 1.6859642564936825
2020-04-22 7 7.421298390364772 1 1.514473192370262
2020-04-23 33 17.107780389987052 1 1.3858548942776965
2020-04-24 13 15.92407629230143 1 1.2893911707082724
2020-04-25 30 23.10120517038326 0 0.9670433780312042
2020-04-26 8 17.414468316828362 3 1.4752825335234032
