2020-02-12 0 0.1 1 1
2020-02-25 1 1.05 -1 0.5
2020-02-27 1 1.5125000000000002 0 0.375
2020-02-28 2 2.115625 0 0.28125
2020-02-29 1 1.88828125 0 0.2109375
2020-03-01 1 1.5525390625 0 0.158203125
2020-03-02 0 0.7465332031249999 0 0.11865234375
2020-03-03 4 2.15689697265625 0 0.0889892578125
2020-03-04 5 3.8228546142578126 0 0.066741943359375
2020-03-05 1 2.9501197814941404 0 0.05005645751953125
2020-03-06 5 4.026222419738769 0 0.03754234313964844
2020-03-07 7 5.807718133926391 0 0.028156757354736328
2020-03-08 9 7.996536457538605 0 0.021117568016052246
2020-03-09 16 12.84181150496006 0 0.015838176012039185
2020-03-10 54 35.05399615243077 2 0.5118786320090294
2020-03-11 73 60.396589438058434 0 0.38390897400677204
2020-03-12 57 68.21873872135765 0 0.28793173050507903
2020-03-13 28 54.82512868266785 0 0.21594879787880927
2020-03-14 26 40.42204149265599 8 2.161961598409107
2020-03-15 47 40.11498752448606 0 1.6214711988068302
2020-03-16 45 40.682713659279585 0 1.2161033991051227
2020-03-17 40 39.54589831185645 0 0.912077549328842
2020-03-18 85 61.59101606018076 0 0.6840581619966315
2020-03-19 85 78.46582091929773 0 0.5130436214974736
2020-03-20 75 83.53676811903178 0 0.3847827161231052
2020-03-21 78 85.43804968914085 -9 -1.961412962907671
2020-03-22 76 83.52917805191018 0 -1.4710597221807533
2020-03-23 82 83.69244772031729 0 -1.103294791635565
2020-03-24 95 89.85097062444153 0 -0.8274710937266738
2020-03-25 92 92.71748942039326 2 -0.12060332029500542
2020-03-26 101 98.47137646327081 1 0.15954750977874593
2020-03-27 85 93.98047586889189 3 0.8696606323340594
2020-03-28 69 81.48990660447944 2 1.1522454742505446
2020-03-29 46 60.62214532115337 2 1.3641841056879085
2020-03-30 89 68.03272834920199 2 1.5231380792659315
2020-03-31 62 63.4798377759258 4 2.1423535594494485
2020-04-01 75 67.33343304530626 0 1.6067651695870864
2020-04-02 18 42.67687241866992 2 1.7050738771903147
2020-04-04 245 137.67937400068428 6 2.778805407892736
2020-04-05 45 112.01078129152039 3 2.8341040559195516
2020-04-06 249 184.42378961405834 -1 1.8755780419396637
