2020-02-26 5 5 0 0
2020-02-27 20 20.0 0 0.0
2020-02-28 19 27.0 0 0.0
2020-02-29 43 40.5 0 0.0
2020-03-01 30 41.375 1 0.25
2020-03-02 61 54.46875 0 0.1875
2020-03-03 21 42.6484375 2 0.640625
2020-03-04 73 57.326171875 0 0.48046875
2020-03-05 138 101.08349609375 3 1.1103515625
2020-03-06 190 158.1912841796875 2 1.332763671875
2020-03-07 336 267.6973571777344 7 2.74957275390625
2020-03-08 177 260.0260543823242 5 3.3121795654296875
2020-03-09 286 289.9338893890381 4 3.4841346740722656
2020-03-10 372 346.9043345451355 8 4.613101005554199
2020-03-11 497 444.16347348690033 15 7.209825754165649
2020-03-12 595 555.0021745860577 13 8.657369315624237
2020-03-13 785 715.4209814891219 14 9.993026986718178
2020-03-14 838 839.5251395683736 16 11.494770240038633
2020-03-15 924 944.195933715906 36 17.621077680028975
2020-03-16 1210 1134.4823473606957 21 18.46580826002173
2020-03-17 1097 1192.0049673429166 27 20.5993561950163
2020-03-18 1404 1350.515035498298 69 32.699517146262224
2020-03-19 1861 1671.641310701414 128 56.52463785969667
2020-03-20 1617 1757.5441206276187 78 61.8934783947725
2020-03-21 1847 1880.3594954338164 112 74.42010879607938
2020-03-22 1559 1789.427308978461 112 83.81508159705953
2020-03-23 3838 2825.854388506168 186 109.36131119779465
2020-03-24 2446 2901.1043311434796 240 142.020983398346
2020-03-25 2931 3067.4532196762657 231 164.2657375487595
2020-03-26 3922 3612.014359023592 365 214.44930316156962
2020-03-27 3809 3905.291338941357 299 235.58697737117723
2020-03-28 4611 4428.8569941649 319 256.4402330283829
2020-03-29 2599 3730.175573235447 292 265.3301747712872
2020-03-30 4376 3986.5409694618584 418 303.4976310784654
2020-03-31 7578 5813.088425209599 499 352.37322330884905
2020-04-01 4861 5809.09004678107 509 391.5299174816368
2020-04-02 2116 4197.5683458715375 1355 632.3974381112275
2020-04-03 5233 4429.9154089488875 1120 754.2980785834206
2020-04-04 4267 4263.860088250341 1053 828.9735589375655
2020-04-05 1873 2984.617405838482 518 751.2301692031741
2020-04-06 3912 3086.591713172932 833 771.6726269023806
2020-04-07 3777 3276.430938546924 1417 933.0044701767854
2020-04-08 3881 3548.492816597189 541 835.003352632589
2020-04-09 4286 3970.1505514730243 1341 961.5025144744418
2020-04-10 4342 4287.941781042686 987 967.8768858558313
2020-04-11 3114 3846.351950566845 635 884.6576643918735
2020-04-12 1613 2691.969047687214 561 803.7432482939051
2020-04-13 2673 2375.0353343255947 574 746.3074362204288
2020-04-14 5497 3703.0596440633863 762 750.2305771653216
2020-04-15 2633 3383.5568879164357 1438 922.1729328739912
2020-04-16 2641 3040.1662878638517 753 879.8796996554934
2020-04-17 405 1650.6794158715966 761 850.15977474162
2020-04-18 2569 1726.5161259075699 642 798.119831056215
2020-04-19 785 1083.0554494486641 395 697.3398732921613
2020-04-20 2051 1319.8112488570453 547 659.754904969121
2020-04-21 2667 1928.9863363469744 531 627.5661787268407
2020-04-22 1827 1998.0772960051954 544 606.6746340451305
2020-04-23 1653 1902.853451833007 516 584.0059755338478
2020-04-24 1773 1852.778166788661 389 535.2544816503859
2020-04-25 1537 1689.7959825693229 369 493.69086123778936
2020-04-26 461 1032.1058948173231 242 430.76814592834205
