2020-02-25 2 2 0 0
2020-02-26 3 3.0 0 0.0
2020-02-27 5 4.5 0 0.0
2020-02-28 27 16.375 0 0.0
2020-02-29 13 17.96875 0 0.0
2020-03-01 51 36.5234375 0 0.0
2020-03-02 34 40.919921875 0 0.0
2020-03-03 37 42.88818359375 0 0.0
2020-03-04 52 49.9002685546875 0 0.0
2020-03-05 109 82.43124389648438 0 0.0
2020-03-06 290 195.83892059326172 0 0.0
2020-03-07 156 209.08302879333496 0 0.0
2020-03-08 107 177.93432569503784 0 0.0
2020-03-09 237 209.62639272212982 2 0.5
2020-03-10 157 192.31582805514336 0 0.375
2020-03-11 271 231.83158870786428 1 0.53125
2020-03-12 802 526.8815718572587 2 0.8984375
2020-03-13 693 688.6861704676412 3 1.423828125
2020-03-14 733 790.6669271559222 0 1.06787109375
2020-03-15 1043 982.2405737110821 4 1.8009033203125
2020-03-16 1174 1158.7172535608915 0 1.350677490234375
2020-03-17 1144 1235.7762800955734 0 1.0130081176757812
2020-03-18 1042 1200.361723339021 0 0.7597560882568359
2020-03-19 2801 2022.5640141259896 8 2.569817066192627
2020-03-20 2958 2706.7741559879764 11 4.67736279964447
2020-03-21 2705 2985.185687921976 16 7.508022099733353
2020-03-22 1948 2675.8450319084814 8 7.6310165748000145
2020-03-23 4062 3396.2134459246136 31 13.47326243110001
2020-03-24 4764 4273.844291451526 28 17.104946823325008
2020-03-25 4118 4512.198641352101 35 21.578710117493756
2020-03-26 4954 4950.826155964363 49 28.434032588120317
2020-03-27 5780 5583.933374279404 55 35.07552444109024
2020-03-28 6294 6206.503639867073 72 44.30664333081768
2020-03-29 3965 5375.162862694139 64 49.22998249811326
2020-03-30 4751 4999.951758434137 66 53.422486873584944
2020-03-31 4615 4682.108266695603 128 72.06686515518871
2020-04-01 5453 4925.409454152435 149 91.30014886639154
2020-04-02 6156 5530.457684342742 140 103.47511164979366
2020-04-03 6174 5998.36737835221 145 113.85633373734524
2020-04-04 6082 6230.230380768891 141 120.64225030300892
