2020-02-27 1 1 0 0
2020-02-28 2 2.0 0 0.0
2020-02-29 1 2.0 0 0.0
2020-03-01 1 1.75 0 0.0
2020-03-02 0 0.9375 0 0.0
2020-03-03 0 0.296875 0 0.0
2020-03-04 2 0.90234375 0 0.0
2020-03-05 20 10.4794921875 0 0.0
2020-03-06 15 15.148193359375 0 0.0
2020-03-07 20 19.94549560546875 0 0.0
2020-03-08 7 15.857772827148438 0 0.0
2020-03-09 11 13.599468231201172 0 0.0
2020-03-10 5 8.820448875427246 0 0.0
2020-03-11 10 7.975826978683472 0 0.0
2020-03-12 18 12.059559285640717 1 0.25
2020-03-13 73 43.08653561770916 0 0.1875
2020-03-14 38 48.57838987931609 2 0.640625
2020-03-15 103 81.17971954029053 1 0.73046875
2020-03-16 21 61.93545448570512 0 0.5478515625
2020-03-17 35 49.079458336986136 1 0.660888671875
2020-03-18 31 37.13159567838011 0 0.49566650390625
2020-03-19 46 37.12476542948207 1 0.6217498779296875
2020-03-20 31 31.84015894766253 4 1.4663124084472656
2020-03-21 35 30.98781596983713 3 1.8497343063354492
2020-03-22 94 61.064690488465146 2 1.887300729751587
2020-03-23 71 72.83695512566287 2 1.9154755473136902
2020-03-24 48 66.76384866284602 3 2.1866066604852676
2020-03-25 78 74.03633326572609 2 2.1399549953639507
2020-03-26 71 75.1634922507346 4 2.604966246522963
2020-03-27 74 76.18619868055521 2 2.4537246848922223
2020-03-28 95 86.6510022253267 4 2.8402935136691667
2020-03-29 95 93.97065344138079 6 3.630220135251875
2020-03-30 56 78.38781568906262 5 3.9726651014389063
2020-03-31 102 87.99944289063788 6 4.47949882607918
2020-04-01 101 95.80539576876603 1 3.609624119559385
2020-04-02 129 115.00702326563861 3 3.4572180896695386
2020-04-03 69 98.10608119766525 6 4.092913567252154
2020-04-04 60 77.87908986426226 9 5.3196851754391155
2020-04-05 62 64.2958217314952 5 5.239763881579337
2020-04-06 20 35.93023223223787 6 5.429822911184503
2020-04-07 77 46.26487942454974 2 4.572367183388377
2020-04-08 52 46.615983164568235 2 3.929275387541283
2020-04-09 71 57.63753924343543 3 3.6969565406559624
2020-04-10 56 58.98893247201016 4 3.7727174054919717
2020-04-11 70 65.91739596829498 3 3.579538054118979
2020-04-12 33 51.902278724363654 5 3.934653540589234
2020-04-13 31 39.16915042130708 1 3.2009901554419256
2020-04-14 25 27.76029866445202 2 2.9007426165814443
2020-04-15 22 19.865798119911485 1 2.425556962436083
2020-04-16 15 12.952098317663346 3 2.5691677218270623
2020-04-17 17 11.00722383712344 3 2.6768757913702967
2020-04-18 11 8.532980637572628 2 2.5076568435277227
2020-04-19 0 2.4126138784040645 3 2.630742632645792
2020-04-20 10 3.7492770292187667 3 2.723056974484344
2020-04-21 156 78.98028934732143 5 3.292292730863258
2020-04-22 7 61.350723169542405 0 2.4692195481474437
2020-04-23 55 62.948259288267295 4 2.851914661110583
2020-04-24 27 47.75996252556291 5 3.388935995832937
2020-04-25 16 29.475823512819993 0 2.5417019968747026
2020-04-26 11 14.464798128243535 4 2.9062764976560267
