2020-03-05 1 1 0 0
2020-03-06 1 1.0 0 0.0
2020-03-07 3 2.0 0 0.0
2020-03-08 2 2.25 0 0.0
2020-03-09 3 2.8125 0 0.0
2020-03-10 0 1.640625 0 0.0
2020-03-11 1 1.14453125 0 0.0
2020-03-12 3 1.8603515625 0 0.0
2020-03-13 3 2.503173828125 0 0.0
2020-03-14 11 6.94879150390625 0 0.0
2020-03-15 2 5.6844024658203125 1 0.25
2020-03-16 7 6.631107330322266 0 0.1875
2020-03-17 11 9.196682929992676 0 0.140625
2020-03-18 8 9.430299997329712 0 0.10546875
2020-03-19 15 12.689533531665802 0 0.0791015625
2020-03-20 12 13.396766915917397 3 0.809326171875
2020-03-21 18 16.401191879063845 0 0.60699462890625
2020-03-22 28 23.303106390871108 2 0.9552459716796875
2020-03-23 36 31.928287049056962 2 1.2164344787597656
2020-03-24 20 29.25880561588565 1 1.1623258590698242
2020-03-25 39 35.10936349532858 1 1.1217443943023682
2020-03-26 35 37.0073015612179 0 0.8413082957267761
2020-03-27 39 39.454445203858086 0 0.6309812217950821
2020-03-28 43 42.56440572421366 0 0.47323591634631157
2020-03-29 65 55.22828455333803 3 1.1049269372597337
2020-03-30 39 51.00315282956571 2 1.3286952029448003
2020-03-31 45 48.889798760288116 1 1.2465214022086002
2020-04-01 33 40.860672035577295 4 1.9348910516564501
2020-04-02 60 48.38094066432756 1 1.7011682887423376
2020-04-03 38 44.0458398126208 5 2.525876216556753
2020-04-04 55 48.866829433612224 6 3.394407162417565
2020-04-05 55 52.810616885704874 2 3.0458053718131737
2020-04-06 11 33.329856390324984 4 3.2843540288598803
2020-04-07 73 49.00701204505379 9 4.71326552164491
2020-04-08 78 65.34383686115476 11 6.284949141233683
2020-04-09 85 80.17629005391655 8 6.713711855925262
2020-04-10 210 151.29844413681832 11 7.785283891943947
2020-04-11 120 156.5349101440646 8 7.83896291895796
2020-04-12 100 140.0194156116716 14 9.37922218921847
2020-04-13 48 95.7568144425572 10 9.534416641913854
2020-04-14 54 64.6863102473607 13 10.400812481435391
2020-04-15 67 52.97948058792227 12 10.800609361076543
2020-04-16 73 53.63119561122249 8 10.100457020807408
2020-04-17 111 77.79925422006698 14 11.075342765605555
2020-04-18 71 78.18346996947248 16 12.306507074204166
2020-04-19 82 82.07971035180711 17 13.479880305653126
2020-04-20 68 77.00790295502264 10 12.609910229239844
2020-04-21 114 95.22002351787475 14 12.957432671929883
2020-04-22 70 87.02107791983212 12 12.718074503947413
2020-04-23 116 101.66633564085278 14 13.03855587796056
2020-04-24 99 104.07238059114991 11 12.52891690847042
2020-04-25 60 84.507307918511 12 12.396687681352814
2020-04-26 57 67.0979446025638 10 11.79751576101461
