2020-02-29 0 0.1 0 0
2020-03-01 2 2.05 0 0.0
2020-03-02 6 5.012499999999999 0 0.0
2020-03-03 7 7.240625 0 0.0
2020-03-04 10 9.79453125 0 0.0
2020-03-05 11 11.6228515625 0 0.0
2020-03-06 8 10.881298828124999 0 0.0
2020-03-07 5 8.290197753906249 0 0.0
2020-03-08 8 7.672097778320312 0 0.0
2020-03-09 7 6.9450233459472654 0 0.0
2020-03-10 16 11.095230293273925 0 0.0
2020-03-11 9 10.896526193618774 0 0.0
2020-03-12 23 17.323042595386504 0 0.0
2020-03-13 21 20.955540147423743 0 0.0
2020-03-14 27 25.78290388658643 0 0.0
2020-03-15 19 24.50085978452116 0 0.0
2020-03-16 19 22.48462278735824 0 0.0
2020-03-17 51 36.605348591937215 1 0.25
2020-03-18 80 61.764374346242406 0 0.1875
2020-03-19 79 78.40279363683439 0 0.140625
2020-03-20 64 79.37130487292178 0 0.10546875
2020-03-21 95 91.51273427273503 0 0.0791015625
2020-03-22 20 60.9552654044579 0 0.059326171875
2020-03-23 60 55.437714619204854 0 0.04449462890625
2020-03-24 89 68.31951057177713 1 0.2833709716796875
2020-03-25 65 67.93053090511899 0 0.21252822875976562
2020-03-26 88 78.50340834551017 0 0.15939617156982422
2020-03-27 73 78.66399497932821 0 0.11954712867736816
2020-03-28 57 69.32828955140518 0 0.08966034650802612
2020-03-29 66 66.07836444959237 0 0.06724525988101959
2020-03-30 49 55.93381078628788 0 0.050433944910764694
2020-03-31 85 67.12808125806366 0 0.03782545868307352
2020-04-01 99 84.19319617943563 2 0.5283690940123051
2020-04-02 45 69.4274545952627 0 0.39627682050922886
2020-04-03 53 59.93772015436057 0 0.29720761538192164
2020-04-04 69 61.45842289531936 0 0.22290571153644123
2020-04-05 76 67.60416854196892 2 0.6671792836523309
2020-04-06 24 46.775999229801464 0 0.5003844627392482
2020-04-07 30 33.66791476626737 0 0.37528834705443614
