2020-02-21 17 17 1 1
2020-02-22 59 59.0 1 1.0
2020-02-23 71 86.0 1 1.0
2020-02-24 77 98.75 3 1.5
2020-02-25 93 107.6875 4 2.125
2020-02-26 125 124.484375 2 2.09375
2020-02-27 205 173.01171875 5 2.8203125
2020-02-28 238 221.7724609375 4 3.115234375
2020-02-29 240 251.209716796875 8 4.33642578125
2020-03-01 566 426.12591552734375 5 4.5023193359375
2020-03-02 342 436.5525360107422 18 7.876739501953125
2020-03-03 466 480.12771224975586 27 12.657554626464844
2020-03-04 587 558.8833723068237 28 16.493165969848633
2020-03-05 769 696.2903592586517 41 22.619874477386475
2020-03-06 778 787.6712629199028 49 29.214905858039856
2020-03-07 1247 1065.4438990205526 36 30.911179393529892
2020-03-08 1492 1372.2192423157394 133 56.43338454514742
2020-03-09 1797 1708.052103384398 97 66.57503840886056
2020-03-10 1577 1788.2055080726277 168 91.93127880664542
2020-03-11 1713 1843.4808333985857 196 117.94845910498407
2020-03-12 2651 2307.4982877119182 189 135.71134432873805
2020-03-13 2547 2573.382442940605 250 164.28350824655354
2020-03-14 3497 3174.728909819797 175 166.96263118491515
2020-03-15 3590 3602.469915804444 368 217.22197338868637
2020-03-16 3233 3634.7229398456566 349 250.16648004151477
2020-03-17 3526 3696.9187169048487 345 273.8748600311361
2020-03-18 4207 4025.786926208232 475 324.1561450233521
2020-03-19 5322 4793.024299307866 427 349.8671087675141
2020-03-20 5986 5640.886911030717 627 419.15033157563556
2020-03-21 6557 6436.596489134463 793 512.6127486817267
2020-03-22 5560 6366.05215590272 651 547.209561511295
2020-03-23 4789 5743.766950311168 601 560.6571711334713
2020-03-24 5249 5423.9326099376 743 606.2428783501034
2020-03-25 5210 5200.7822872664165 683 625.4321587625775
2020-03-26 6153 5563.01155411422 662 634.5741190719332
2020-03-27 5959 5794.623299009567 969 718.1805893039499
2020-03-28 5974 5959.023346704848 889 760.8854419779624
2020-03-29 5217 5666.467533876277 756 759.6640814834718
2020-03-30 4050 4824.322743992922 818 774.2480611126039
2020-03-31 4053 4211.169663053014 831 788.4360458344529
2020-04-01 4782 4229.550706819807 727 773.0770343758397
2020-04-02 4668 4319.8535519982515 760 769.8077757818799
2020-04-03 4585 4410.541586587911 766 768.8558318364098
2020-04-04 4805 4609.500207235764 681 746.8918738773074
2020-04-05 4316 4513.354465750748 525 691.4189054079806
2020-04-06 3599 4057.442978570554 636 677.5641790559854
