2020-02-21 40 40 0 0
2020-02-22 57 57.0 0 0.0
2020-02-23 61 67.5 0 0.0
2020-02-24 67 74.125 0 0.0
2020-02-25 65 74.65625 0 0.0
2020-02-26 98 89.0078125 0 0.0
2020-02-27 128 113.431640625 0 0.0
2020-02-28 84 107.28564453125 0 0.0
2020-02-29 369 240.8912353515625 0 0.0
2020-03-01 270 290.2212219238281 0 0.0
2020-03-02 266 307.8309097290039 0 0.0
2020-03-03 300 323.1780261993408 0 0.0
2020-03-04 431 390.5570778846741 0 0.0
2020-03-05 361 399.3573342561722 0 0.0
2020-03-06 808 617.6681288778782 0 0.0
2020-03-07 769 754.9064939692616 0 0.0
2020-03-08 1280 1082.549053022638 0 0.0
2020-03-09 322 816.7330692936666 0 0.0
2020-03-10 600 699.1418101057643 0 0.0
2020-03-11 889 760.0607279853721 1489 372.25
2020-03-12 1445 1100.755004928833 -44 268.1875
2020-03-13 1095 1182.1633921683551 -350 113.640625
2020-03-14 1865 1586.0767377460274 770 277.73046875
2020-03-15 1587 1718.7642260983566 -278 138.7978515625
2020-03-16 1377 1647.166913749932 -210 51.598388671875
2020-03-17 1571 1640.8265291382368 194 87.19879150390625
2020-03-18 1493 1581.19970454783 -78 45.89909362792969
2020-03-19 2171 1868.336366115669 678 203.92432022094727
2020-03-20 2380 2192.0706053706713 209 205.19324016571045
2020-03-21 3251 2836.420073655505 871 371.64493012428284
2020-03-22 1691 2482.2397893840453 -1560 -111.26630240678787
2020-03-23 1555 2039.3396999023041 -136 -117.4497268050909
2020-03-24 1942 1890.3047301858576 387 8.662704896181822
2020-03-25 1643 1679.2110627811699 -299 -68.25297132786363
2020-03-26 2543 2014.6114633835336 900 173.81027150410227
2020-03-27 2409 2247.408797838832 -134 96.8577036280767
2020-03-28 2117 2258.2052656067735 -292 -0.35672227894247044
2020-03-29 1592 1965.8021830890507 -525 -131.51754170920685
2020-03-30 1154 1507.1500960579265 -438 -208.13815628190514
2020-03-31 1047 1136.0365285278829 -107 -182.85361721142885
2020-04-01 1565 1187.2206126308904 518 -7.640212908571641
2020-04-02 1292 1170.7575015246716 -273 -73.98015968142873
2020-04-03 1455 1274.3365705903943 163 -14.735119761071545
2020-04-04 1598 1442.791962475657 143 24.69866017919634
2020-04-05 1337 1435.3216677993742 -261 -46.72600486560275
2020-04-06 1079 1278.006103511389 -258 -99.54450364920206
2020-04-07 791 1005.5967954895493 -288 -146.65837773690154
2020-04-08 1089 964.7429426062421 298 -35.49378330267615
2020-04-09 1388 1124.880280513028 299 48.12966252299289
2020-04-10 1246 1199.728879338164 -142 0.5972468922446694
2020-04-11 1544 1397.720958916191 298 74.9479351691835
2020-04-12 1460 1491.2867589761568 -84 35.21095137688762
2020-04-13 1262 1431.2479692621005 -198 -23.091786467334284
2020-04-14 1012 1233.9165820895473 -250 -79.81883985050071
2020-04-15 827 987.2717429808838 -185 -106.11412988787554
2020-04-16 941 880.8813876813311 114 -51.08559741590665
2020-04-17 1041 892.715863111222 100 -13.314198061929986
2020-04-18 1246 1038.2041350483619 205 41.26435145355251
2020-04-19 855 967.3972372548413 -391 -66.80173640983563
2020-04-20 735 843.8944790443708 -120 -80.10130230737673
2020-04-21 960 867.4194801780427 225 -3.8259767305325454
2020-04-22 1161 1002.827110700368 201 47.38051745210059
2020-04-23 1073 1066.0741482864387 -88 13.53538808907544
2020-04-24 1091 1108.4291300078644 18 14.65154106680658
