2020-02-28 1 1 0 0
2020-02-29 4 4.0 0 0.0
2020-03-01 3 5.0 0 0.0
2020-03-02 10 8.5 0 0.0
2020-03-03 5 8.125 0 0.0
2020-03-04 14 11.65625 0 0.0
2020-03-05 44 29.0078125 0 0.0
2020-03-06 46 42.431640625 1 0.25
2020-03-07 60 57.03564453125 0 0.1875
2020-03-08 76 73.0787353515625 2 0.640625
2020-03-09 57 72.33059692382812 1 0.73046875
2020-03-10 61 70.1238784790039 0 0.5478515625
2020-03-11 121 96.73954963684082 1 0.660888671875
2020-03-12 111 111.11249780654907 0 0.49566650390625
2020-03-13 190 157.77084743976593 5 1.6217498779296875
2020-03-14 155 171.65731039643288 2 1.7163124084472656
2020-03-15 176 184.93621427565813 8 3.287234306335449
2020-03-16 278 240.34161264635623 4 3.465425729751587
2020-03-17 292 284.4589086701162 19 7.34906929731369
2020-03-18 346 335.40282951446716 15 9.261801972985268
2020-03-19 409 395.02408255802584 18 11.44635147973895
2020-03-20 534 490.8286884402987 30 16.084763609804213
2021-03-21 637 601.0238192713605 30 19.56357270735316
2021-03-22 573 633.1154298690512 43 25.42267953051487
2021-03-23 545 620.1323777006338 34 27.567009647886152
2021-03-24 811 727.8577571912666 63 36.425257235914614
2021-03-25 852 823.0060076387664 80 47.31894292693596
2020-03-26 1019 961.3286309528246 78 54.98920719520197
2020-03-27 1172 1121.4077848716474 112 69.24190539640148
2020-03-28 1159 1207.595415613147 93 75.18142904730111
2020-03-29 1104 1211.0403770806101 132 89.38607178547583
2020-03-30 884 1076.0027635441893 93 90.28955383910687
2020-03-31 845 940.9832658899314 175 111.46716537933015
2020-04-01 1019 936.4777005903197 134 117.10037403449762
2020-04-02 1083 986.8554927929339 166 129.3252805258732
2020-04-03 1026 1007.5805156960075 148 133.9939603944049
2020-04-04 904 961.5478982235425 164 141.49547029580367
2020-04-05 1224 1084.1446149314243 115 134.87160272185275
2020-04-06 952 1044.4068195525092 101 126.40370204138956
2020-04-07 777 913.9362169749244 234 153.30277653104218
2020-04-08 969 910.4668614424008 147 151.72708239828165
2020-04-09 1213 1045.365468315539 148 150.79531179871123
2020-04-10 1335 1215.7234046732233 115 141.8464838490334
2020-04-11 1316 1321.2215216837596 132 139.38486288677507
2020-04-12 1174 1301.6651997680879 94 128.0386471650813
2020-04-13 964 1154.97073886823 86 117.52898537381097
2020-04-14 868 985.8808237012436 122 118.64673903035822
2020-04-15 734 804.8656601924395 189 136.23505427276865
2020-04-16 1061 860.1416633899275 181 147.4262907045765
2020-04-17 1235 1024.9942491411898 144 146.56971802843236
2020-04-18 1140 1112.4219797315234 142 145.42728852132427
2020-04-19 1066 1126.0303500938094 83 129.8204663909932
2020-04-20 750 959.8269477515 67 114.1153497932449
2020-04-21 729 813.7685096424703 165 126.83651234493368
2020-04-22 708 709.0471631773379 138 129.62738425870026
2020-04-23 887 745.9246991504372 123 127.9705381940252
2020-04-24 806 759.1322923493775 112 123.9779036455189
2020-04-25 655 701.9530158615033 120 122.98342773413917
2020-04-26 655 661.6251236521904 66 108.73757080060437
