2020/02/27 3 3 0 0
2020/02/28 3 3.0 0 0.0
2020/02/29 8 5.5 0 0.0
2020/03/01 4 5.375 0 0.0
2020/03/02 6 5.96875 0 0.0
2020/03/03 8 7.2734375 0 0.0
2020/03/04 21 14.607421875 0 0.0
2020/03/05 30 24.37255859375 0 0.0
2020/03/06 27 29.1619873046875 0 0.0
2020/03/07 34 34.516204833984375 0 0.0
2020/03/08 22 31.06426239013672 0 0.0
2020/03/09 23 27.57222557067871 0 0.0
2020/03/10 85 55.68315076828003 0 0.0
2020/03/11 214 141.56782567501068 0 0.0
2020/03/12 132 161.61820670962334 1 0.25
2020-03-13 129 162.73884554952383 0 0.1875
2020-03-14 157 168.86445358209312 1 0.390625
2020-03-15 170 175.46114420285448 0 0.29296875
2020-03-16 92 138.39420346252155 0 0.2197265625
2020-03-17 139 131.7621822267247 0 0.164794921875
2020-03-18 115 118.25562605214509 1 0.37359619140625
2020-03-19 129 117.68844145181902 3 1.0301971435546875
2020-03-20 190 150.73273878870123 0 0.7726478576660156
2020-03-21 184 174.07170275996702 1 0.8294858932495117
2020-03-22 206 199.22325905560817 0 0.6221144199371338
2020-03-23 239 229.9932224395267 3 1.2165858149528503
2020-03-24 195 225.6298985216043 0 0.9124393612146378
2020-03-25 264 250.29076193224202 4 1.6843295209109783
2020-03-26 326 297.0485031545004 0 1.2632471406832337
2020-03-27 425 377.16524797700447 2 1.4474353555124253
2020-03-28 264 348.6823083940054 4 2.085576516634319
2020-03-29 257 309.7702615040045 2 2.0641823874757392
2020-03-30 124 210.62167268300294 5 2.7981367906068044
2020-03-31 221 187.8919601017514 1 2.3486025929551033
2020-04-01 208 178.3041137856878 4 2.7614519447163275
2020-04-02 280 216.93416218123406 10 4.571088958537246
2020-04-03 273 248.51564583369867 2 3.928316718902934
2020-04-04 302 284.9274762015063 6 4.446237539177201
2020-04-05 130 221.40152233503355 8 5.3346781543829005
2020-04-06 115 159.28816481803878 1 4.251008615787176
2020-04-07 108 113.6594448550317 10 5.688256461840382
2020-04-08 147 108.93022365977023 11 7.016192346380286
2020-04-09 150 117.58305714719694 8 7.262144259785215
2020-04-10 84 97.01370960411106 4 6.446608194838911
2020-04-11 76 79.47560843154035 6 6.3349561461291835
2020-04-12 95 79.33765573736991 5 6.001217109596888
2020-04-13 73 72.18426545594221 11 7.250912832197666
2020-04-14 78 71.3115039512428 13 8.68818462414825
2020-04-15 111 89.04724721108241 3 7.266138468111187
2020-04-16 114 104.9033070382316 6 6.94960385108339
2020-04-17 100 108.1055101922483 1 5.462202888312543
2020-04-18 93 104.18023422119458 11 6.846652166234407
2020-04-19 84 94.92253768036908 6 6.634989124675806
2020-04-20 45 68.06305498986404 0 4.9762418435068545
2020-04-21 53 52.86754989714552 9 5.982181382630141
2020-04-22 84 60.80290987649988 6 5.986636036972605
2020-04-23 95 76.06986239705209 11 7.239977027729454
2020-04-24 63 72.43587305806517 11 8.179982770797091
2020-04-25 59 66.25991012405541 2 6.634987078097819
2020-04-26 38 50.85695112603668 0 4.976240308573364
