2020-03-05 0 0.1 0 0
2020-03-06 4 4.05 0 0.0
2020-03-07 1 4.512499999999999 0 0.0
2020-03-08 5 5.865625 0 0.0
2020-03-09 6 6.82578125 0 0.0
2020-03-10 5 6.5994140625 0 0.0
2020-03-11 9 8.086376953125 0 0.0
2020-03-12 20 14.55826416015625 1 0.25
2020-03-13 17 17.654641723632814 1 0.4375
2020-03-14 36 28.53917007446289 1 0.578125
2020-03-15 21 28.346641731262206 0 0.43359375
2020-03-16 52 41.913717126846315 1 0.5751953125
2020-03-17 61 55.718825542926794 1 0.681396484375
2020-03-18 49 57.94167336523533 0 0.51104736328125
2020-03-19 68 66.31767893508078 0 0.3832855224609375
2020-03-20 70 71.9262619862333 0 0.2874641418457031
2020-03-21 111 94.74898801525123 0 0.21559810638427734
2020-03-22 98 103.72310402594739 2 0.661698579788208
2020-03-23 115 115.27938602480862 1 0.746273934841156
2020-03-24 135 130.98768051803708 2 1.059705451130867
2020-03-25 167 155.84490763514202 4 1.7947790883481503
2020-03-26 170 172.562294284909 2 1.8460843162611127
2020-03-27 168 179.28041403856525 0 1.3845632371958345
2020-03-28 249 220.31937040575207 5 2.288422427896876
2020-03-29 224 235.50900598790747 1 1.966316820922657
2020-03-30 193 224.7265722820083 9 3.7247376156919927
2020-03-31 256 242.90371235855665 2 3.2935532117689945
2020-04-01 243 248.76635430719165 10 4.970164908826746
2020-04-02 392 324.75608670471127 14 7.227623681620059
2020-04-03 437 402.06193122729326 14 8.920717761215045
2020-04-04 244 352.9493706817609 8 8.690538320911283
2020-04-05 475 416.6557477385545 15 10.267903740683462
2020-04-06 311 381.0949993323127 13 10.950927805512595
2020-04-07 435 407.7908752961136 22 13.713195854134447
2020-04-08 152 286.44109445398567 7 12.034896890600836
