2020-03-04 2 2 0 0
2020-03-05 0 0.1 0 0.0
2020-03-06 3 0.55 0 0.0
2020-03-07 4 1.8875000000000002 0 0.0
2020-03-08 2 2.084375 0 0.0
2020-03-09 2 2.1617187500000004 0 0.0
2020-03-10 12 7.1599609375 0 0.0
2020-03-11 18 13.869091796875 0 0.0
2020-03-12 12 15.25638427734375 0 0.0
2020-03-13 36 27.13593444824219 0 0.0
2020-03-14 28 31.29172592163086 0 0.0
2020-03-15 16 26.54669017791748 0 0.0
2020-03-16 29 28.037499761581422 0 0.0
2020-03-17 49 39.023529613018034 0 0.0
2020-03-18 43 44.01066213548184 0 0.0
2020-03-19 17 33.25156286284328 0 0.0
2020-03-20 31 30.80912251081318 0 0.0
2020-03-21 59 43.635621707094835 0 0.0
2020-03-22 66 57.38996587846195 4 1.0
2020-03-23 143 104.91964649453001 6 2.25
2020-03-24 186 159.70457517893155 2 2.1875
2020-03-25 144 172.67089572639944 5 2.890625
2020-03-26 123 161.4863320685335 6 3.66796875
2020-03-27 263 216.27246722246718 1 3.0009765625
2020-03-28 160 203.8474179938172 5 3.500732421875
2020-03-29 308 260.67303888103794 14 6.12554931640625
2020-03-30 192 242.9175896043888 3 5.3441619873046875
2020-03-31 293 271.81046756496704 23 9.758121490478516
2020-04-01 215 252.55428965401438 16 11.318591117858887
2020-04-02 278 265.03762828503443 9 10.738943338394165
2020-04-03 445 358.0198905292859 22 13.554207503795624
2020-04-04 430 418.75604901909014 25 16.415655627846718
2020-04-05 251 362.43511600921977 7 14.061741720885038
2020-04-06 193 277.4158705019796 9 12.796306290663779
2020-04-07 360 297.30228012286466 25 15.847229717997834
2020-04-08 344 314.919914902591 27 18.635422288498376
