2020-03-07 0 0.1 0 0
2020-03-08 0 0.1 0 0.0
2020-03-09 1 0.5375 0 0.0
2020-03-10 3 1.871875 0 0.0
2020-03-11 13 7.82109375 0 0.0
2020-03-12 6 8.5904296875 0 0.0
2020-03-13 11 10.827490234375 0 0.0
2020-03-14 11 11.98914794921875 0 0.0
2020-03-15 2 7.822689819335938 0 0.0
2020-03-16 9 7.783788299560547 0 0.0
2020-03-17 15 11.068390464782714 0 0.0
2020-03-18 17 14.69359393119812 0 0.0
2020-03-19 14 15.582797181606292 2 0.5
2020-03-20 32 24.631699511408804 -1 0.125
2020-03-21 36 32.99822579845786 0 0.09375
2020-03-22 51 45.43193249236792 1 0.3203125
2020-03-23 27 41.04080271623097 1 0.490234375
2020-03-24 54 48.83503714910475 0 0.36767578125
2020-03-25 81 67.52339507826545 1 0.5257568359375
2020-03-26 73 76.23672527327943 3 1.144317626953125
2020-03-27 71 78.78420905246657 1 1.1082382202148438
2020-03-28 131 108.11189867894349 2 1.3311786651611328
2020-03-29 82 103.99776882244608 3 1.7483839988708496
2020-03-30 44 77.44126168858585 3 2.061287999153137
2020-03-31 115 91.30269269950928 7 3.295965999364853
2020-04-01 160 126.65773503009368 5 3.7219744995236397
2020-04-02 111 128.17082243786245 3 3.5414808746427298
2020-04-03 305 221.63466053228123 8 4.656110655982047
2020-04-04 148 210.70791444642032 5 4.7420829919865355
2020-04-05 284 257.56756279188477 7 5.306562243989902
