2020-03-05 5 5 0 0
2020-03-06 2 2.0 0 0.0
2020-03-07 4 1.5 0 0.0
2020-03-08 4 1.875 0 0.0
2020-03-09 9 5.09375 0 0.0
2020-03-10 9 7.6796875 0 0.0
2020-03-11 23 16.302734375 0 0.0
2020-03-12 39 30.28857421875 0 0.0
2020-03-13 45 42.4593505859375 0 0.0
2020-03-14 40 46.679901123046875 1 0.25
2020-03-15 38 46.120201110839844 0 0.1875
2020-03-16 34 41.81030082702637 0 0.140625
2020-03-17 22 31.702775478363037 0 0.10546875
2020-03-18 11 18.723318934440613 0 0.0791015625
2020-03-19 33 21.302760928869247 0 0.059326171875
2020-03-20 22 20.016791693866253 0 0.04449462890625
2020-03-21 42 29.869609152898192 0 0.0333709716796875
2020-03-22 31 32.328615594189614 1 0.2750282287597656
2020-03-23 28 31.72596491628792 1 0.4562711715698242
2020-03-24 38 35.493148348265095 1 0.5922033786773682
2020-03-25 46 42.00345297718741 1 0.6941525340080261
2020-03-26 36 41.25774204735171 1 0.7706144005060196
2020-03-27 70 56.57045107059594 3 1.3279608003795147
2020-03-28 52 58.584192814569064 0 0.995970600284636
2020-03-29 46 54.94501548291336 2 1.246977950213477
2020-03-30 26 40.88917294635717 0 0.9352334626601078
2020-03-31 46 40.138958441489784 4 1.7014250969950808
2020-04-01 39 37.72911157868364 2 1.7760688227463106
2020-04-02 56 45.341910252609665 1 1.582051617059733
2020-04-03 37 42.31283202642026 2 1.6865387127947997
2020-04-04 43 42.47008490672049 2 1.7649040345960998
2020-04-05 20 31.181190120190482 6 2.823678025947075
2020-04-06 24 24.74144519687786 2 2.617758519460306
2020-04-07 34 26.33621143600208 6 3.4633188895952296
2020-04-08 36 30.049541696563672 4 3.5974891671964224
2020-04-09 33 31.89382140270355 3 3.448116875397317
2020-04-10 36 34.5925059050976 2 3.0860876565479876
