2020-03-10 0 0.1 0 0
2020-03-11 3 3.05 0 0.0
2020-03-12 11 8.5125 0 0.0
2020-03-13 11 11.865625 0 0.0
2020-03-14 12 13.82578125 0 0.0
2020-03-15 17 16.849414062500003 0 0.0
2020-03-16 11 15.398876953125002 0 0.0
2020-03-17 25 20.573889160156252 0 0.0
2020-03-18 8 15.767922973632814 0 0.0
2020-03-19 19 16.92295913696289 0 0.0
2020-03-20 14 15.519737434387206 0 0.0
2020-03-21 41 27.93819222450256 0 0.0
2020-03-22 7 20.4128715634346 0 0.0
2020-03-23 19 19.29699334204197 0 0.0
2020-03-24 11 14.66480589583516 0 0.0
2020-03-25 10 10.932510698772965 0 0.0
2020-03-26 43 25.333235425548626 0 0.0
2020-03-27 23 26.9502889325493 0 0.0
2020-03-28 22 26.271243452912312 0 0.0
2020-03-29 22 24.863909849865742 0 0.0
2020-03-30 27 25.94426558587602 0 0.0
2020-03-31 37 31.748377057412156 1 0.25
2020-04-01 26 30.463338528827183 0 0.1875
2020-04-02 24 27.7049846323279 0 0.140625
2020-04-03 21 23.899561525996283 0 0.10546875
