2020-02-26 6 6 0 0
2020-02-27 12 12.0 0 0.0
2020-02-28 19 18.5 0 0.0
2020-02-29 14 19.375 0 0.0
2020-03-01 25 23.96875 0 0.0
2020-03-02 41 34.5234375 0 0.0
2020-03-03 44 42.919921875 1 0.25
2020-03-04 59 54.88818359375 0 0.1875
2020-03-05 54 59.4002685546875 1 0.390625
2020-03-06 83 74.80624389648438 5 1.54296875
2020-03-07 65 75.55767059326172 2 1.6572265625
2020-03-08 244 162.79396629333496 7 2.992919921875
2020-03-09 557 383.21362257003784 13 5.49468994140625
2020-03-10 464 490.3700450658798 6 5.6210174560546875
2020-03-11 582 596.3557450473309 19 8.965763092041016
2020-03-12 869 789.2596587762237 31 14.474322319030762
2020-03-13 2086 1514.1467009466141 47 22.60574173927307
2020-03-14 1159 1556.0535467951559 63 32.7043063044548
2020-03-15 1453 1624.7435830206377 98 49.0282297283411
2020-03-16 2098 1938.6527053782193 48 48.77117229625583
2020-03-17 1884 2028.4440902124552 191 84.32837922219187
2020-03-18 2903 2546.7287600764594 105 89.4962844166439
2020-03-19 3348 3117.4389049893466 195 115.87221331248293
2020-03-20 3494 3533.4342511984537 260 151.9041599843622
2020-03-21 3925 3947.0733615033937 288 185.92811998827165
2020-03-22 4413 4392.374576280015 432 247.44608999120373
2020-03-23 5571 5199.181539598322 529 317.8345674934028
2020-03-24 6578 6199.039636357895 652 401.3759256200521
2020-03-25 8047 7528.208775648207 656 465.03194421503906
2020-03-26 6242 7419.991151381311 504 474.7739581612793
2020-03-27 9372 8636.384551402536 984 602.0804686209594
2020-03-28 7513 8498.985113562514 844 662.5603514657196
2020-03-29 6878 7866.2891162518745 821 702.1702635992897
2020-03-30 5089 6408.368838533586 621 681.8776976994673
2020-03-31 10724 8167.066490041046 1040 771.4082732746004
2020-04-01 8195 8421.148693284515 923 809.3062049559503
2020-04-02 7947 8367.652621585119 961 847.2296537169627
2020-04-03 7134 7829.241430339142 850 847.922240287722
2020-04-04 5537 6587.725477131368 546 772.4416802157915
