2020-02-26 1 1 0 0
2020-02-27 1 1.0 0 0.0
2020-02-28 8 4.5 0 0.0
2020-02-29 3 4.625 0 0.0
2020-03-01 0 2.78125 0 0.0
2020-03-02 5 3.6640625 0 0.0
2020-03-03 13 8.439453125 0 0.0
2020-03-04 30 20.46728515625 0 0.0
2020-03-05 25 26.3643798828125 0 0.0
2020-03-06 59 45.971832275390625 0 0.0
2020-03-07 33 46.03260040283203 0 0.0
2020-03-08 46 49.30483436584473 0 0.0
2020-03-09 101 77.61474275588989 0 0.0
2020-03-10 98 96.11601126194 0 0.0
2020-03-11 196 154.83764269948006 1 0.25
2020-03-12 151 171.98904774338007 0 0.1875
2020-03-13 152 175.81748832948506 1 0.390625
2020-03-14 71 131.2773365401663 1 0.54296875
2020-03-15 69 92.93792651046533 2 0.9072265625
2020-03-16 83 74.78373986799852 2 1.180419921875
2020-03-17 119 85.76071157976548 1 1.13531494140625
2020-03-18 145 112.5590195407076 6 2.3514862060546875
2020-03-19 143 133.06841863600175 7 3.5136146545410156
2020-03-20 180 164.3060135246484 10 5.135210990905762
2020-03-21 134 160.84830758780961 7 5.601408243179321
2020-03-22 117 143.90737772243781 12 7.201056182384491
2020-03-23 182 161.21006835914247 11 8.150792136788368
2020-03-24 230 199.05889658770917 20 11.113094102591276
2020-03-25 314 267.71858655506526 25 14.584820576943457
2020-03-26 286 299.61878489997696 29 18.188615432707593
2020-03-27 366 352.1641878474386 32 21.641461574530695
2020-03-28 300 348.89584235930977 35 24.98109618089802
2020-03-29 281 325.53770902541794 39 28.485822135673516
2020-03-30 415 369.7242151021175 44 32.36436660175514
2020-03-31 475 433.13641436493793 45 35.52327495131635
2020-04-01 486 480.80841040511365 52 39.642456213487264
2020-04-02 555 540.4423058239231 67 46.48184216011545
2020-04-03 602 597.398677077347 81 55.11138162008659
2020-04-04 357 504.5271934347222 69 58.58353621506494
2020-04-05 341 413.2096532547293 82 64.4376521612987
2020-04-06 390 373.99846985105046 90 70.82823912097402
2020-04-07 738 532.3932606864485 81 73.37117934073052
2020-04-08 656 621.9923409325354 106 81.52838450554789
2020-04-09 644 669.293795822445 79 80.89628837916092
2020-04-10 455 592.1210743117886 78 80.17221628437069
2020-04-11 394 488.7544449785132 84 81.12916221327802
2020-04-12 463 447.88251906724724 86 82.34687165995851
2020-04-13 437 418.2259263448025 72 79.76015374496887
2020-04-14 480 429.59114839737947 67 76.57011530872666
2020-04-15 604 509.87597232432313 77 76.67758648154499
2020-04-16 623 583.0493912067142 78 77.00818986115874
2020-04-17 688 662.1237528462311 49 70.00614239586906
2020-04-18 531 629.6299954544318 51 65.2546067969018
2020-04-19 389 517.7256178949242 43 59.69095509767635
2020-04-20 462 466.09202464143937 21 50.01821632325726
2020-04-21 194 305.2522218543371 22 43.01366224244295
