2020-02-28 5 5 0 0
2020-02-29 3 3.0 0 0.0
2020-03-01 12 6.5 0 0.0
2020-03-02 5 6.125 0 0.0
2020-03-03 11 8.65625 0 0.0
2020-03-04 34 22.0078125 0 0.0
2020-03-05 30 29.681640625 1 0.25
2020-03-06 48 42.59814453125 1 0.4375
2020-03-07 46 49.4068603515625 0 0.328125
2020-03-08 64 60.959503173828125 1 0.49609375
2020-03-09 46 58.495948791503906 2 0.8720703125
2020-03-10 54 58.14018440246582 1 0.904052734375
2020-03-11 83 71.42725610733032 2 1.17803955078125
2020-03-12 140 109.46397793292999 0 0.8835296630859375
2020-03-13 202 167.11634436249733 2 1.1626472473144531
2020-03-14 342 274.66344148665667 11 3.62198543548584
2020-03-15 232 290.27112967707217 14 6.21648907661438
2020-03-16 171 253.00719135301188 20 9.662366807460785
2020-03-17 407 331.87342435272876 16 11.246775105595589
2020-03-18 676 524.588184764405 32 16.43508132919669
2020-03-19 643 642.2985187791419 41 22.57631099689752
2020-03-20 714 736.8290560917249 33 25.18223324767314
2020-03-21 1035 938.8870607250851 56 32.886674935754854
2020-03-22 665 878.944297860494 48 36.66500620181614
2020-03-23 967 946.4868419630749 54 40.998754651362106
2020-03-24 1427 1215.3864035235965 87 52.49906598852158
2020-03-25 1452 1415.2395834229583 41 49.624299491391184
2020-03-26 2129 1862.8562775168996 115 65.96822461854339
2020-03-27 2885 2531.200555184645 181 94.72616846390754
2020-03-28 2546 2784.3225552223566 260 136.04462634793066
2020-03-29 2433 2794.802916435623 209 154.28346976094798
2020-03-30 2619 2802.5923679333505 180 160.71260232071097
2020-03-31 3009 2955.589001698877 381 215.78445174053323
2020-04-01 4324 3702.9400681569205 563 302.5883388053999
2020-04-02 4244 4191.880584346713 569 369.19125410404996
2020-04-03 4450 4552.3806963549305 684 447.8934405780375
2020-04-04 3735 4349.535578270306 708 512.9200804335281
