2020-02-27 0 0.1 0 0
2020-02-28 4 4.05 0 0.0
2020-02-29 5 6.512499999999999 1 0.25
2020-03-01 18 13.865625 1 0.4375
2020-03-02 15 17.07578125 4 1.328125
2020-03-03 28 24.6619140625 3 1.74609375
2020-03-04 26 28.289501953125 3 2.0595703125
2020-03-05 64 48.530920410156256 0 1.544677734375
2020-03-06 77 69.01889953613282 6 2.65850830078125
2020-03-07 100 92.7581642150879 1 2.2438812255859375
2020-03-08 143 127.93825550079346 3 2.432910919189453
2020-03-09 148 151.79373726844787 4 2.82468318939209
2020-03-10 289 233.2730438351631 5 3.3685123920440674
2020-03-11 271 278.94443615972995 7 4.2763842940330505
2020-03-12 395 361.79402328208084 4 4.207288220524788
2020-03-13 562 495.0203110227361 7 4.905466165393591
2020-03-14 660 627.3783771373797 7 5.429099624045193
2020-03-15 674 708.7128159103565 6 5.571824718033895
2020-03-16 878 842.7018313192559 13 7.428868538525421
2020-03-17 1284 1121.5208811938915 21 10.821651403894066
2020-03-18 2418 1868.5501858327364 26 14.61623855292055
2020-03-19 3944 3142.4272916939744 52 23.962178914690412
2020-03-20 5420 4717.7590217011 55 31.72163418601781
2020-03-21 6271 6106.485131279388 65 40.04122563951336
2020-03-22 8632 8022.476903248685 111 57.78091922963502
2020-03-23 10408 10020.853563421162 111 71.08568942222627
2020-03-24 9909 10867.32850265211 154 91.8142670666697
2020-03-25 12003 12097.983846604557 259 133.6107003000023
2020-03-26 17120 15248.06555692964 218 154.70802522500173
2020-03-27 18511 17986.59002285977 329 198.2810189187513
2020-03-28 20807 20634.954750109893 562 289.21076418906347
2020-03-29 20602 21899.64842620748 424 322.9080731417976
2020-03-30 20425 22119.083157704405 506 368.6810548563482
2020-03-31 23956 23570.779734026764 838 486.01079114226116
2020-04-01 26732 25780.933088681253 940 599.5080933566959
2020-04-02 28812 28163.776493838184 1075 718.3810700175219
2020-04-03 32182 31202.254072957105 1186 835.2858025131414
2020-04-04 33228 33489.42934427729 1345 962.7143518848561
2020-04-05 26557 31232.15964386806 1182 1017.5357639136421
2020-04-06 32560 31936.23488269643 1297 1087.4018229352316
