-91 0
-90 0
-89 0
-88 0
-87 0
-86 0
-85 0
-84 0
-83 0
-82 0
-81 0
-80 0
-79 0
-78 0
-77 0
-76 0
-75 0
-74 0
-73 0
-72 0
-71 0
-70 0
-69 0
-68 0
-67 0
-66 0
-65 0
-64 0
-63 0
-62 0
-61 0
-60 0
-59 0
-58 0
-57 0
-56 0
-55 0
-54 0
-53 0
-52 0
-51 0
-50 0
-49 0
-48 0
-47 0
-46 0
-45 0
-44 2
-43 10
-42 12
-41 23
-40 33
-39 38
-38 42
-37 51
-36 55
-35 59
-34 64
-33 70
-32 76
-31 89
-30 104
-29 123
-28 146
-27 174
-26 186
-25 197
-24 212
-23 223
-22 243
-21 259
-20 277
-19 304
-18 333
-17 361
-16 377
-15 383
-14 400
-13 409
-12 416
-11 433
-10 446
-9 467
-8 475
-7 494
-6 518
-5 539
-4 548
-3 562
-2 584
-1 609
