-71 0 -1
-70 0 -1
-69 0 -1
-68 0 -1
-67 0 -1
-66 0 -1
-65 0 -1
-64 0 -1
-63 0 -1
-62 0 -1
-61 0 -1
-60 0 -1
-59 0 -1
-58 0 -1
-57 0 -1
-56 0 -1
-55 0 -1
-54 0 -1
-53 0 -1
-52 0 -1
-51 0 -1
-50 0 -1
-49 0 -1
-48 0 -1
-47 0 -1
-46 0 -1
-45 0 -1
-44 0 -1
-43 0 -1
-42 0 -1
-41 0 -1
-40 0 -1
-39 0 -1
-38 0 -1
-37 1 -1
-36 1 -1
-35 1 -1
-34 1 -1
-33 1 -1
-32 1 -1
-31 3 -1
-30 5 -1
-29 12 -1
-28 12 -1
-27 17 -1
-26 17 -1
-25 19 -1
-24 20 -1
-23 20 -1
-22 20 -1
-21 24 -1
-20 26 -1
-19 37 -1
-18 48 -1
-17 54 -1
-16 60 -1
-15 74 -1
-14 87 -1
-13 90 -1
-12 139 -1
-11 201 -1
-10 230 -1
-9 264 -1
-8 302 -1
-7 367 -1
-6 409 -1
-5 454 -1
-4 511 -1
-3 584 -1
-2 716 -1
-1 847 -1
