-73 0 -1
-72 0 -1
-71 0 -1
-70 0 -1
-69 0 -1
-68 0 -1
-67 0 -1
-66 0 -1
-65 0 -1
-64 0 -1
-63 0 -1
-62 0 -1
-61 0 -1
-60 0 -1
-59 0 -1
-58 0 -1
-57 0 -1
-56 0 -1
-55 0 -1
-54 0 -1
-53 0 -1
-52 0 -1
-51 0 -1
-50 0 -1
-49 0 -1
-48 0 -1
-47 0 -1
-46 0 -1
-45 0 -1
-44 0 -1
-43 0 -1
-42 0 -1
-41 0 -1
-40 0 -1
-39 0 -1
-38 0 -1
-37 0 -1
-36 0 -1
-35 0 -1
-34 0 -1
-33 1 -1
-32 1 -1
-31 1 -1
-30 1 -1
-29 1 -1
-28 1 -1
-27 1 -1
-26 1 -1
-25 1 -1
-24 1 -1
-23 1 -1
-22 1 -1
-21 1 -1
-20 1 -1
-19 2 -1
-18 39 -1
-17 39 -1
-16 53 -1
-15 75 -1
-14 88 -1
-13 113 -1
-12 133 -1
-11 164 -1
-10 188 -1
-9 224 -1
-8 267 -1
-7 308 -1
-6 334 -1
-5 370 -1
-4 376 -1
-3 390 -1
-2 428 -1
-1 439 -1
0 466 -1
