-79 0
-78 0
-77 0
-76 0
-75 0
-74 0
-73 0
-72 0
-71 0
-70 0
-69 0
-68 0
-67 0
-66 0
-65 0
-64 0
-63 0
-62 0
-61 0
-60 0
-59 0
-58 0
-57 0
-56 0
-55 0
-54 0
-53 0
-52 0
-51 0
-50 0
-49 0
-48 0
-47 0
-46 0
-45 0
-44 0
-43 0
-42 0
-41 0
-40 0
-39 0
-38 1
-37 1
-36 1
-35 2
-34 8
-33 12
-32 12
-31 17
-30 19
-29 19
-28 31
-27 34
-26 45
-25 56
-24 68
-23 79
-22 97
-21 128
-20 158
-19 266
-18 301
-17 387
-16 387
-15 502
-14 589
-13 690
-12 745
-11 820
-10 1054
-9 1054
-8 1133
-7 1265
-6 1451
-5 1451
-4 1554
-3 1628
-2 1715
-1 1795
0 1975
