-74 0 -1
-73 0 -1
-72 0 -1
-71 0 -1
-70 0 -1
-69 0 -1
-68 0 -1
-67 0 -1
-66 0 -1
-65 0 -1
-64 0 -1
-63 0 -1
-62 0 -1
-61 0 -1
-60 0 -1
-59 0 -1
-58 0 -1
-57 0 -1
-56 0 -1
-55 0 -1
-54 0 -1
-53 0 -1
-52 0 -1
-51 0 -1
-50 0 -1
-49 0 -1
-48 0 -1
-47 0 -1
-46 0 -1
-45 0 -1
-44 0 -1
-43 0 -1
-42 0 -1
-41 0 -1
-40 0 -1
-39 0 -1
-38 0 -1
-37 0 -1
-36 0 -1
-35 1 -1
-34 1 -1
-33 1 -1
-32 1 -1
-31 1 -1
-30 1 -1
-29 1 -1
-28 1 -1
-27 1 -1
-26 1 -1
-25 1 -1
-24 4 -1
-23 8 -1
-22 18 -1
-21 26 -1
-20 52 -1
-19 78 -1
-18 84 -1
-17 115 -1
-16 136 -1
-15 160 -1
-14 194 -1
-13 235 -1
-12 249 -1
-11 265 -1
-10 290 -1
-9 329 -1
-8 407 -1
-7 424 -1
-6 482 -1
-5 532 -1
-4 571 -1
-3 663 -1
-2 736 -1
-1 770 -1
