-71 0 -1
-70 0 -1
-69 0 -1
-68 0 -1
-67 0 -1
-66 0 -1
-65 0 -1
-64 0 -1
-63 0 -1
-62 0 -1
-61 0 -1
-60 0 -1
-59 0 -1
-58 0 -1
-57 0 -1
-56 0 -1
-55 0 -1
-54 0 -1
-53 0 -1
-52 0 -1
-51 0 -1
-50 0 -1
-49 0 -1
-48 0 -1
-47 0 -1
-46 0 -1
-45 0 -1
-44 0 -1
-43 0 -1
-42 0 -1
-41 0 -1
-40 0 -1
-39 0 -1
-38 0 -1
-37 0 -1
-36 0 -1
-35 0 -1
-34 1 -1
-33 1 -1
-32 1 -1
-31 1 -1
-30 1 -1
-29 6 -1
-28 6 -1
-27 6 -1
-26 6 -1
-25 6 -1
-24 6 -1
-23 9 -1
-22 9 -1
-21 12 -1
-20 27 -1
-19 27 -1
-18 27 -1
-17 36 -1
-16 36 -1
-15 51 -1
-14 51 -1
-13 69 -1
-12 76 -1
-11 76 -1
-10 81 -1
-9 81 -1
-8 86 -1
-7 86 -1
-6 94 -1
-5 94 -1
-4 94 -1
-3 152 -1
-2 152 -1
-1 163 -1
