-69 0 -1
-68 0 -1
-67 0 -1
-66 0 -1
-65 0 -1
-64 0 -1
-63 0 -1
-62 0 -1
-61 0 -1
-60 0 -1
-59 0 -1
-58 0 -1
-57 0 -1
-56 0 -1
-55 0 -1
-54 0 -1
-53 0 -1
-52 0 -1
-51 0 -1
-50 0 -1
-49 0 -1
-48 0 -1
-47 0 -1
-46 0 -1
-45 0 -1
-44 0 -1
-43 0 -1
-42 0 -1
-41 0 -1
-40 0 -1
-39 0 -1
-38 0 -1
-37 0 -1
-36 0 -1
-35 0 -1
-34 0 -1
-33 0 -1
-32 0 -1
-31 0 -1
-30 0 -1
-29 0 -1
-28 0 -1
-27 0 -1
-26 0 -1
-25 0 -1
-24 0 -1
-23 0 -1
-22 0 -1
-21 0 -1
-20 2 -1
-19 2 -1
-18 3 -1
-17 10 -1
-16 10 -1
-15 11 -1
-14 11 -1
-13 12 -1
-12 12 -1
-11 15 -1
-10 19 -1
-9 24 -1
-8 27 -1
-7 29 -1
-6 32 -1
-5 43 -1
-4 61 -1
-3 74 -1
-2 81 -1
-1 97 -1
0 107 -1
