-79 0
-78 0
-77 0
-76 0
-75 0
-74 0
-73 0
-72 0
-71 0
-70 0
-69 0
-68 0
-67 0
-66 0
-65 0
-64 0
-63 0
-62 0
-61 0
-60 0
-59 0
-58 0
-57 0
-56 0
-55 0
-54 0
-53 0
-52 0
-51 0
-50 0
-49 0
-48 0
-47 0
-46 0
-45 0
-44 0
-43 0
-42 0
-41 0
-40 0
-39 0
-38 0
-37 0
-36 2
-35 2
-34 3
-33 3
-32 3
-31 5
-30 7
-29 11
-28 13
-27 18
-26 24
-25 25
-24 26
-23 38
-22 63
-21 89
-20 93
-19 126
-18 136
-17 166
-16 176
-15 191
-14 237
-13 258
-12 323
-11 368
-10 420
-9 459
-8 533
-7 579
-6 624
-5 654
-4 674
-3 764
-2 804
-1 858
0 901
