-91 0
-90 0
-89 0
-88 0
-87 0
-86 0
-85 0
-84 0
-83 0
-82 0
-81 0
-80 0
-79 0
-78 0
-77 0
-76 0
-75 0
-74 0
-73 0
-72 0
-71 0
-70 0
-69 0
-68 0
-67 0
-66 0
-65 0
-64 0
-63 0
-62 0
-61 0
-60 0
-59 0
-58 0
-57 0
-56 0
-55 0
-54 0
-53 0
-52 0
-51 0
-50 0
-49 0
-48 0
-47 0
-46 0
-45 0
-44 1
-43 1
-42 11
-41 11
-40 37
-39 40
-38 50
-37 54
-36 56
-35 68
-34 75
-33 78
-32 83
-31 88
-30 91
-29 104
-28 109
-27 114
-26 115
-25 120
-24 126
-23 127
-22 129
-21 131
-20 133
-19 134
-18 135
-17 135
-16 135
-15 135
-14 135
-13 135
-12 136
-11 136
-10 136
-9 136
-8 136
-7 136
-6 136
-5 136
-4 137
-3 138
-2 138
-1 138
