-91 0
-90 0
-89 0
-88 0
-87 0
-86 0
-85 0
-84 0
-83 0
-82 0
-81 0
-80 0
-79 0
-78 0
-77 0
-76 0
-75 0
-74 0
-73 0
-72 0
-71 0
-70 0
-69 0
-68 0
-67 0
-66 0
-65 0
-64 0
-63 0
-62 0
-61 0
-60 0
-59 0
-58 0
-57 0
-56 0
-55 0
-54 0
-53 0
-52 0
-51 0
-50 0
-49 0
-48 0
-47 0
-46 0
-45 4
-44 4
-43 4
-42 7
-41 7
-40 23
-39 41
-38 51
-37 52
-36 67
-35 92
-34 94
-33 127
-32 163
-31 187
-30 201
-29 218
-28 242
-27 264
-26 293
-25 331
-24 346
-23 359
-22 399
-21 422
-20 457
-19 485
-18 503
-17 531
-16 549
-15 577
-14 593
-13 618
-12 635
-11 661
-10 675
-9 685
-8 713
-7 747
-6 800
-5 846
-4 878
-3 894
-2 929
-1 975
