-71 0 -1
-70 0 -1
-69 0 -1
-68 0 -1
-67 0 -1
-66 1 -1
-65 1 -1
-64 1 -1
-63 1 -1
-62 1 -1
-61 1 -1
-60 1 -1
-59 1 -1
-58 1 -1
-57 1 -1
-56 1 -1
-55 1 -1
-54 1 -1
-53 1 -1
-52 1 -1
-51 1 -1
-50 1 -1
-49 1 -1
-48 1 -1
-47 1 -1
-46 1 -1
-45 1 -1
-44 1 -1
-43 1 -1
-42 1 -1
-41 1 -1
-40 1 -1
-39 1 -1
-38 1 -1
-37 1 -1
-36 1 -1
-35 1 -1
-34 1 -1
-33 1 -1
-32 1 -1
-31 1 -1
-30 1 -1
-29 1 -1
-28 1 -1
-27 1 -1
-26 1 -1
-25 2 -1
-24 2 -1
-23 2 -1
-22 3 -1
-21 3 -1
-20 5 -1
-19 7 -1
-18 7 -1
-17 7 -1
-16 33 -1
-15 35 -1
-14 37 -1
-13 51 -1
-12 53 -1
-11 84 -1
-10 87 -1
-9 91 -1
-8 96 -1
-7 96 -1
-6 99 -1
-5 99 -1
-4 103 -1
-3 107 -1
-2 109 -1
-1 109 -1
