-75 0
-74 0
-73 0
-72 0
-71 0
-70 0
-69 0
-68 0
-67 0
-66 0
-65 0
-64 0
-63 0
-62 0
-61 0
-60 0
-59 0
-58 0
-57 0
-56 0
-55 0
-54 0
-53 0
-52 0
-51 0
-50 0
-49 0
-48 0
-47 0
-46 0
-45 0
-44 0
-43 0
-42 0
-41 0
-40 0
-39 0
-38 0
-37 0
-36 0
-35 0
-34 1
-33 1
-32 4
-31 4
-30 4
-29 8
-28 8
-27 13
-26 23
-25 23
-24 43
-23 61
-22 74
-21 155
-20 201
-19 238
-18 238
-17 434
-16 537
-15 632
-14 746
-13 922
-12 1142
-11 1306
-10 1610
-9 1909
-8 2139
-7 2449
-6 2738
-5 3031
-4 3404
-3 3737
-2 4161
-1 4471
