-79 0
-78 0
-77 0
-76 0
-75 0
-74 0
-73 0
-72 0
-71 0
-70 0
-69 0
-68 0
-67 0
-66 0
-65 0
-64 0
-63 0
-62 0
-61 0
-60 0
-59 0
-58 0
-57 0
-56 0
-55 0
-54 0
-53 0
-52 0
-51 0
-50 0
-49 0
-48 0
-47 0
-46 0
-45 0
-44 0
-43 0
-42 0
-41 0
-40 0
-39 0
-38 0
-37 0
-36 0
-35 1
-34 1
-33 1
-32 1
-31 3
-30 9
-29 9
-28 13
-27 22
-26 34
-25 54
-24 65
-23 93
-22 102
-21 128
-20 196
-19 231
-18 277
-17 378
-16 470
-15 491
-14 539
-13 608
-12 702
-11 798
-10 906
-9 1065
-8 1161
-7 1267
-6 1406
-5 1485
-4 1579
-3 1780
-2 2054
-1 2223
0 2473
