-69 0 -1
-68 0 -1
-67 0 -1
-66 0 -1
-65 0 -1
-64 0 -1
-63 0 -1
-62 0 -1
-61 0 -1
-60 0 -1
-59 0 -1
-58 0 -1
-57 0 -1
-56 0 -1
-55 0 -1
-54 0 -1
-53 0 -1
-52 0 -1
-51 0 -1
-50 0 -1
-49 0 -1
-48 0 -1
-47 0 -1
-46 0 -1
-45 0 -1
-44 0 -1
-43 0 -1
-42 0 -1
-41 0 -1
-40 0 -1
-39 0 -1
-38 0 -1
-37 0 -1
-36 0 -1
-35 0 -1
-34 0 -1
-33 0 -1
-32 0 -1
-31 0 -1
-30 0 -1
-29 0 -1
-28 0 -1
-27 0 -1
-26 0 -1
-25 1 -1
-24 1 -1
-23 5 -1
-22 9 -1
-21 9 -1
-20 13 -1
-19 22 -1
-18 23 -1
-17 26 -1
-16 27 -1
-15 35 -1
-14 41 -1
-13 50 -1
-12 69 -1
-11 89 -1
-10 117 -1
-9 134 -1
-8 158 -1
-7 177 -1
-6 201 -1
-5 231 -1
-4 263 -1
-3 295 -1
-2 314 -1
-1 330 -1
0 347 -1
