-91 0
-90 0
-89 0
-88 0
-87 0
-86 0
-85 0
-84 0
-83 0
-82 0
-81 0
-80 0
-79 0
-78 0
-77 0
-76 0
-75 0
-74 0
-73 0
-72 0
-71 0
-70 0
-69 0
-68 0
-67 0
-66 0
-65 0
-64 0
-63 0
-62 0
-61 0
-60 0
-59 0
-58 0
-57 0
-56 0
-55 0
-54 0
-53 0
-52 0
-51 0
-50 0
-49 0
-48 0
-47 0
-46 0
-45 0
-44 2
-43 3
-42 6
-41 6
-40 14
-39 26
-38 26
-37 33
-36 46
-35 49
-34 67
-33 67
-32 84
-31 95
-30 116
-29 124
-28 132
-27 146
-26 162
-25 179
-24 214
-23 230
-22 262
-21 320
-20 356
-19 396
-18 426
-17 446
-16 465
-15 494
-14 526
-13 564
-12 595
-11 616
-10 633
-9 662
-8 695
-7 715
-6 735
-5 750
-4 761
-3 767
-2 772
-1 784
