-74 0 -1
-73 0 -1
-72 0 -1
-71 0 -1
-70 0 -1
-69 0 -1
-68 0 -1
-67 0 -1
-66 0 -1
-65 0 -1
-64 0 -1
-63 0 -1
-62 0 -1
-61 0 -1
-60 0 -1
-59 0 -1
-58 0 -1
-57 0 -1
-56 0 -1
-55 0 -1
-54 0 -1
-53 0 -1
-52 0 -1
-51 0 -1
-50 0 -1
-49 0 -1
-48 0 -1
-47 0 -1
-46 0 -1
-45 0 -1
-44 0 -1
-43 0 -1
-42 0 -1
-41 0 -1
-40 0 -1
-39 0 -1
-38 0 -1
-37 0 -1
-36 0 -1
-35 1 -1
-34 1 -1
-33 1 -1
-32 1 -1
-31 1 -1
-30 2 -1
-29 2 -1
-28 5 -1
-27 5 -1
-26 5 -1
-25 5 -1
-24 5 -1
-23 5 -1
-22 11 -1
-21 11 -1
-20 11 -1
-19 21 -1
-18 21 -1
-17 34 -1
-16 72 -1
-15 112 -1
-14 202 -1
-13 245 -1
-12 312 -1
-11 392 -1
-10 488 -1
-9 581 -1
-8 719 -1
-7 859 -1
-6 901 -1
-5 1109 -1
-4 1284 -1
-3 1380 -1
-2 1488 -1
-1 1488 -1
