-66 0 -1
-65 0 -1
-64 0 -1
-63 0 -1
-62 0 -1
-61 0 -1
-60 0 -1
-59 0 -1
-58 0 -1
-57 0 -1
-56 0 -1
-55 0 -1
-54 0 -1
-53 0 -1
-52 0 -1
-51 0 -1
-50 0 -1
-49 0 -1
-48 0 -1
-47 0 -1
-46 0 -1
-45 0 -1
-44 0 -1
-43 0 -1
-42 0 -1
-41 0 -1
-40 0 -1
-39 0 -1
-38 0 -1
-37 0 -1
-36 0 -1
-35 0 -1
-34 0 -1
-33 0 -1
-32 0 -1
-31 0 -1
-30 0 -1
-29 0 -1
-28 0 -1
-27 6 -1
-26 6 -1
-25 7 -1
-24 10 -1
-23 13 -1
-22 13 -1
-21 13 -1
-20 14 -1
-19 15 -1
-18 15 -1
-17 17 -1
-16 17 -1
-15 17 -1
-14 28 -1
-13 28 -1
-12 37 -1
-11 58 -1
-10 111 -1
-9 199 -1
-8 367 -1
-7 506 -1
-6 789 -1
-5 981 -1
-4 1082 -1
-3 1173 -1
-2 1403 -1
-1 1595 -1
0 1823 -1
