-79 0
-78 0
-77 0
-76 0
-75 0
-74 0
-73 0
-72 0
-71 0
-70 0
-69 0
-68 0
-67 0
-66 0
-65 0
-64 0
-63 0
-62 0
-61 0
-60 0
-59 0
-58 0
-57 0
-56 1
-55 1
-54 1
-53 1
-52 1
-51 1
-50 1
-49 1
-48 1
-47 1
-46 1
-45 1
-44 1
-43 1
-42 1
-41 1
-40 2
-39 2
-38 2
-37 2
-36 3
-35 15
-34 15
-33 49
-32 55
-31 59
-30 60
-29 67
-28 80
-27 109
-26 110
-25 150
-24 196
-23 196
-22 256
-21 285
-20 294
-19 327
-18 366
-17 402
-16 456
-15 495
-14 536
-13 576
-12 609
-11 656
-10 710
-9 779
-8 865
-7 985
-6 1070
-5 1173
-4 1322
-3 1450
-2 1560
-1 1699
0 1794
