-68 0 -1
-67 0 -1
-66 0 -1
-65 0 -1
-64 0 -1
-63 0 -1
-62 0 -1
-61 0 -1
-60 0 -1
-59 0 -1
-58 0 -1
-57 0 -1
-56 0 -1
-55 0 -1
-54 0 -1
-53 0 -1
-52 0 -1
-51 0 -1
-50 0 -1
-49 0 -1
-48 0 -1
-47 0 -1
-46 0 -1
-45 0 -1
-44 0 -1
-43 0 -1
-42 0 -1
-41 0 -1
-40 0 -1
-39 0 -1
-38 0 -1
-37 0 -1
-36 0 -1
-35 1 -1
-34 1 -1
-33 5 -1
-32 7 -1
-31 7 -1
-30 13 -1
-29 19 -1
-28 26 -1
-27 32 -1
-26 35 -1
-25 35 -1
-24 40 -1
-23 54 -1
-22 60 -1
-21 60 -1
-20 71 -1
-19 71 -1
-18 71 -1
-17 101 -1
-16 110 -1
-15 116 -1
-14 124 -1
-13 154 -1
-12 164 -1
-11 192 -1
-10 208 -1
-9 214 -1
-8 233 -1
-7 266 -1
-6 316 -1
-5 346 -1
-4 382 -1
-3 458 -1
-2 506 -1
-1 547 -1
0 630 -1
