-79 0
-78 0
-77 0
-76 0
-75 0
-74 0
-73 0
-72 0
-71 0
-70 0
-69 0
-68 0
-67 0
-66 0
-65 0
-64 0
-63 0
-62 0
-61 0
-60 0
-59 0
-58 0
-57 0
-56 0
-55 0
-54 0
-53 0
-52 0
-51 0
-50 0
-49 0
-48 0
-47 0
-46 0
-45 0
-44 0
-43 0
-42 0
-41 0
-40 0
-39 0
-38 1
-37 1
-36 1
-35 1
-34 1
-33 1
-32 1
-31 1
-30 1
-29 1
-28 1
-27 1
-26 8
-25 17
-24 34
-23 52
-22 69
-21 85
-20 85
-19 112
-18 127
-17 154
-16 172
-15 212
-14 235
-13 246
-12 259
-11 268
-10 274
-9 278
-8 299
-7 310
-6 323
-5 345
-4 349
-3 353
-2 358
-1 372
0 372
