-71 0 -1
-70 0 -1
-69 0 -1
-68 0 -1
-67 0 -1
-66 0 -1
-65 0 -1
-64 0 -1
-63 0 -1
-62 0 -1
-61 0 -1
-60 0 -1
-59 0 -1
-58 0 -1
-57 0 -1
-56 0 -1
-55 0 -1
-54 0 -1
-53 0 -1
-52 0 -1
-51 0 -1
-50 0 -1
-49 0 -1
-48 0 -1
-47 0 -1
-46 0 -1
-45 0 -1
-44 0 -1
-43 0 -1
-42 0 -1
-41 0 -1
-40 0 -1
-39 0 -1
-38 1 -1
-37 11 -1
-36 26 -1
-35 43 -1
-34 45 -1
-33 45 -1
-32 45 -1
-31 56 -1
-30 56 -1
-29 56 -1
-28 58 -1
-27 58 -1
-26 61 -1
-25 64 -1
-24 64 -1
-23 69 -1
-22 72 -1
-21 80 -1
-20 80 -1
-19 104 -1
-18 112 -1
-17 123 -1
-16 130 -1
-15 142 -1
-14 148 -1
-13 159 -1
-12 176 -1
-11 188 -1
-10 189 -1
-9 191 -1
-8 195 -1
-7 208 -1
-6 225 -1
-5 235 -1
-4 255 -1
-3 266 -1
-2 289 -1
-1 317 -1
