-67 0 -1
-66 0 -1
-65 0 -1
-64 0 -1
-63 0 -1
-62 0 -1
-61 0 -1
-60 0 -1
-59 0 -1
-58 0 -1
-57 0 -1
-56 0 -1
-55 0 -1
-54 0 -1
-53 0 -1
-52 0 -1
-51 0 -1
-50 0 -1
-49 0 -1
-48 0 -1
-47 0 -1
-46 0 -1
-45 0 -1
-44 0 -1
-43 0 -1
-42 0 -1
-41 0 -1
-40 0 -1
-39 0 -1
-38 0 -1
-37 0 -1
-36 0 -1
-35 0 -1
-34 0 -1
-33 0 -1
-32 0 -1
-31 0 -1
-30 0 -1
-29 0 -1
-28 0 -1
-27 1 -1
-26 1 -1
-25 1 -1
-24 1 -1
-23 1 -1
-22 1 -1
-21 2 -1
-20 6 -1
-19 8 -1
-18 10 -1
-17 10 -1
-16 17 -1
-15 26 -1
-14 30 -1
-13 34 -1
-12 49 -1
-11 71 -1
-10 86 -1
-9 111 -1
-8 124 -1
-7 139 -1
-6 180 -1
-5 197 -1
-4 221 -1
-3 244 -1
-2 280 -1
-1 305 -1
0 347 -1
