-79 0
-78 0
-77 0
-76 0
-75 0
-74 0
-73 0
-72 0
-71 0
-70 0
-69 0
-68 0
-67 0
-66 0
-65 0
-64 0
-63 0
-62 0
-61 0
-60 0
-59 0
-58 0
-57 0
-56 0
-55 0
-54 0
-53 0
-52 0
-51 0
-50 0
-49 0
-48 0
-47 0
-46 0
-45 0
-44 0
-43 0
-42 1
-41 1
-40 1
-39 1
-38 1
-37 1
-36 1
-35 1
-34 1
-33 1
-32 1
-31 1
-30 3
-29 3
-28 6
-27 8
-26 12
-25 17
-24 25
-23 27
-22 36
-21 49
-20 83
-19 143
-18 179
-17 209
-16 274
-15 299
-14 358
-13 394
-12 460
-11 491
-10 537
-9 581
-8 649
-7 696
-6 771
-5 811
-4 843
-3 880
-2 912
-1 955
0 999
