-91 0
-90 0
-89 0
-88 0
-87 0
-86 0
-85 0
-84 0
-83 0
-82 0
-81 0
-80 0
-79 0
-78 0
-77 0
-76 0
-75 0
-74 0
-73 0
-72 0
-71 0
-70 0
-69 0
-68 0
-67 0
-66 0
-65 0
-64 0
-63 0
-62 0
-61 0
-60 0
-59 0
-58 0
-57 0
-56 0
-55 0
-54 0
-53 0
-52 0
-51 0
-50 0
-49 0
-48 0
-47 0
-46 3
-45 3
-44 3
-43 5
-42 6
-41 6
-40 12
-39 18
-38 21
-37 30
-36 38
-35 38
-34 53
-33 64
-32 73
-31 90
-30 107
-29 110
-28 129
-27 134
-26 139
-25 149
-24 151
-23 156
-22 169
-21 188
-20 196
-19 202
-18 213
-17 227
-16 241
-15 293
-14 299
-13 337
-12 350
-11 370
-10 378
-9 384
-8 393
-7 399
-6 412
-5 422
-4 426
-3 427
-2 431
-1 443
