-74 0 -1
-73 0 -1
-72 0 -1
-71 0 -1
-70 0 -1
-69 0 -1
-68 0 -1
-67 0 -1
-66 0 -1
-65 0 -1
-64 0 -1
-63 0 -1
-62 0 -1
-61 0 -1
-60 0 -1
-59 0 -1
-58 0 -1
-57 0 -1
-56 0 -1
-55 0 -1
-54 0 -1
-53 0 -1
-52 0 -1
-51 0 -1
-50 0 -1
-49 0 -1
-48 0 -1
-47 0 -1
-46 0 -1
-45 0 -1
-44 0 -1
-43 0 -1
-42 0 -1
-41 0 -1
-40 0 -1
-39 0 -1
-38 0 -1
-37 1 -1
-36 4 -1
-35 5 -1
-34 5 -1
-33 5 -1
-32 5 -1
-31 5 -1
-30 6 -1
-29 6 -1
-28 7 -1
-27 7 -1
-26 7 -1
-25 8 -1
-24 12 -1
-23 12 -1
-22 26 -1
-21 41 -1
-20 53 -1
-19 82 -1
-18 93 -1
-17 118 -1
-16 164 -1
-15 203 -1
-14 251 -1
-13 316 -1
-12 367 -1
-11 405 -1
-10 475 -1
-9 585 -1
-8 717 -1
-7 848 -1
-6 993 -1
-5 1094 -1
-4 1215 -1
-3 1378 -1
-2 1510 -1
-1 1688 -1
