-74 0 -1
-73 0 -1
-72 0 -1
-71 0 -1
-70 0 -1
-69 0 -1
-68 0 -1
-67 0 -1
-66 0 -1
-65 0 -1
-64 0 -1
-63 0 -1
-62 0 -1
-61 0 -1
-60 0 -1
-59 0 -1
-58 0 -1
-57 0 -1
-56 0 -1
-55 0 -1
-54 0 -1
-53 0 -1
-52 0 -1
-51 0 -1
-50 0 -1
-49 0 -1
-48 0 -1
-47 0 -1
-46 0 -1
-45 0 -1
-44 0 -1
-43 0 -1
-42 0 -1
-41 0 -1
-40 0 -1
-39 0 -1
-38 0 -1
-37 0 -1
-36 0 -1
-35 0 -1
-34 1 -1
-33 1 -1
-32 1 -1
-31 2 -1
-30 2 -1
-29 2 -1
-28 2 -1
-27 2 -1
-26 3 -1
-25 5 -1
-24 6 -1
-23 7 -1
-22 17 -1
-21 28 -1
-20 29 -1
-19 38 -1
-18 49 -1
-17 63 -1
-16 77 -1
-15 96 -1
-14 115 -1
-13 143 -1
-12 170 -1
-11 225 -1
-10 275 -1
-9 345 -1
-8 402 -1
-7 479 -1
-6 556 -1
-5 617 -1
-4 654 -1
-3 708 -1
-2 791 -1
-1 919 -1
