-91 0
-90 0
-89 0
-88 0
-87 0
-86 0
-85 0
-84 0
-83 0
-82 0
-81 0
-80 0
-79 0
-78 0
-77 0
-76 0
-75 0
-74 0
-73 0
-72 0
-71 0
-70 0
-69 0
-68 0
-67 0
-66 0
-65 0
-64 0
-63 0
-62 0
-61 0
-60 0
-59 0
-58 0
-57 0
-56 0
-55 0
-54 1
-53 1
-52 1
-51 1
-50 1
-49 3
-48 3
-47 4
-46 5
-45 5
-44 5
-43 5
-42 5
-41 5
-40 5
-39 6
-38 8
-37 8
-36 12
-35 20
-34 28
-33 39
-32 52
-31 102
-30 102
-29 155
-28 205
-27 283
-26 368
-25 451
-24 514
-23 589
-22 647
-21 708
-20 797
-19 868
-18 950
-17 1039
-16 1106
-15 1160
-14 1210
-13 1239
-12 1283
-11 1312
-10 1330
-9 1349
-8 1366
-7 1386
-6 1401
-5 1409
-4 1422
-3 1431
-2 1440
-1 1445
