-79 0
-78 0
-77 0
-76 0
-75 0
-74 0
-73 0
-72 0
-71 0
-70 0
-69 0
-68 0
-67 0
-66 0
-65 0
-64 0
-63 0
-62 0
-61 0
-60 0
-59 0
-58 0
-57 0
-56 0
-55 0
-54 0
-53 0
-52 0
-51 0
-50 0
-49 0
-48 0
-47 0
-46 0
-45 0
-44 1
-43 1
-42 1
-41 1
-40 1
-39 1
-38 1
-37 1
-36 1
-35 3
-34 3
-33 3
-32 3
-31 7
-30 7
-29 7
-28 14
-27 14
-26 14
-25 18
-24 26
-23 35
-22 48
-21 67
-20 85
-19 115
-18 136
-17 148
-16 177
-15 201
-14 219
-13 241
-12 259
-11 285
-10 329
-9 354
-8 384
-7 430
-6 483
-5 555
-4 570
-3 599
-2 617
-1 663
0 711
