-77 0
-76 0
-75 0
-74 0
-73 0
-72 0
-71 0
-70 0
-69 0
-68 0
-67 0
-66 0
-65 0
-64 0
-63 0
-62 0
-61 0
-60 0
-59 0
-58 0
-57 0
-56 0
-55 0
-54 0
-53 0
-52 0
-51 0
-50 0
-49 0
-48 0
-47 0
-46 0
-45 0
-44 0
-43 0
-42 0
-41 0
-40 0
-39 0
-38 0
-37 0
-36 0
-35 0
-34 0
-33 0
-32 0
-31 0
-30 0
-29 1
-28 8
-27 11
-26 27
-25 36
-24 43
-23 55
-22 69
-21 86
-20 109
-19 137
-18 200
-17 313
-16 345
-15 345
-14 443
-13 558
-12 674
-11 786
-10 901
-9 989
-8 1181
-7 1181
-6 1317
-5 1475
-4 1673
-3 1801
-2 1988
