-69 0 -1
-68 0 -1
-67 0 -1
-66 0 -1
-65 0 -1
-64 0 -1
-63 0 -1
-62 0 -1
-61 0 -1
-60 0 -1
-59 0 -1
-58 0 -1
-57 0 -1
-56 0 -1
-55 0 -1
-54 0 -1
-53 0 -1
-52 0 -1
-51 0 -1
-50 0 -1
-49 0 -1
-48 0 -1
-47 0 -1
-46 0 -1
-45 0 -1
-44 0 -1
-43 0 -1
-42 0 -1
-41 0 -1
-40 0 -1
-39 0 -1
-38 0 -1
-37 0 -1
-36 0 -1
-35 0 -1
-34 0 -1
-33 0 -1
-32 0 -1
-31 0 -1
-30 0 -1
-29 0 -1
-28 0 -1
-27 0 -1
-26 0 -1
-25 0 -1
-24 0 -1
-23 1 -1
-22 1 -1
-21 1 -1
-20 5 -1
-19 5 -1
-18 6 -1
-17 6 -1
-16 6 -1
-15 8 -1
-14 9 -1
-13 11 -1
-12 11 -1
-11 13 -1
-10 18 -1
-9 22 -1
-8 22 -1
-7 27 -1
-6 37 -1
-5 41 -1
-4 52 -1
-3 56 -1
-2 59 -1
-1 64 -1
0 65 -1
