-77 0
-76 0
-75 0
-74 0
-73 0
-72 0
-71 0
-70 0
-69 0
-68 0
-67 0
-66 0
-65 0
-64 0
-63 0
-62 0
-61 0
-60 0
-59 0
-58 0
-57 0
-56 0
-55 0
-54 0
-53 0
-52 0
-51 0
-50 0
-49 0
-48 0
-47 0
-46 0
-45 0
-44 0
-43 0
-42 0
-41 0
-40 0
-39 0
-38 0
-37 0
-36 0
-35 0
-34 0
-33 1
-32 1
-31 6
-30 7
-29 11
-28 11
-27 15
-26 28
-25 38
-24 43
-23 86
-22 117
-21 145
-20 234
-19 234
-18 318
-17 363
-16 395
-15 416
-14 480
-13 580
-12 635
-11 671
-10 852
-9 950
-8 1065
-7 1323
-6 1414
-5 1595
-4 1746
-3 2281
-2 2561
