-69 0 -1
-68 0 -1
-67 0 -1
-66 0 -1
-65 0 -1
-64 0 -1
-63 0 -1
-62 0 -1
-61 1 -1
-60 1 -1
-59 1 -1
-58 2 -1
-57 2 -1
-56 2 -1
-55 2 -1
-54 2 -1
-53 3 -1
-52 3 -1
-51 3 -1
-50 3 -1
-49 3 -1
-48 3 -1
-47 3 -1
-46 3 -1
-45 3 -1
-44 3 -1
-43 3 -1
-42 3 -1
-41 3 -1
-40 3 -1
-39 3 -1
-38 3 -1
-37 3 -1
-36 3 -1
-35 3 -1
-34 3 -1
-33 3 -1
-32 3 -1
-31 3 -1
-30 3 -1
-29 3 -1
-28 3 -1
-27 3 -1
-26 3 -1
-25 5 -1
-24 6 -1
-23 10 -1
-22 20 -1
-21 33 -1
-20 49 -1
-19 52 -1
-18 64 -1
-17 111 -1
-16 140 -1
-15 142 -1
-14 187 -1
-13 202 -1
-12 217 -1
-11 230 -1
-10 307 -1
-9 380 -1
-8 462 -1
-7 552 -1
-6 636 -1
-5 707 -1
-4 803 -1
-3 1075 -1
-2 1418 -1
-1 1546 -1
0 2084 -1
