-91 0
-90 0
-89 0
-88 0
-87 0
-86 0
-85 0
-84 0
-83 0
-82 0
-81 0
-80 0
-79 0
-78 0
-77 0
-76 0
-75 0
-74 0
-73 0
-72 0
-71 0
-70 0
-69 0
-68 0
-67 0
-66 0
-65 0
-64 0
-63 0
-62 0
-61 0
-60 0
-59 0
-58 0
-57 0
-56 0
-55 1
-54 1
-53 1
-52 1
-51 8
-50 10
-49 16
-48 21
-47 21
-46 23
-45 36
-44 36
-43 51
-42 62
-41 69
-40 80
-39 80
-38 101
-37 109
-36 109
-35 119
-34 119
-33 144
-32 144
-31 175
-30 187
-29 187
-28 208
-27 208
-26 223
-25 224
-24 224
-23 230
-22 236
-21 236
-20 245
-19 245
-18 259
-17 266
-16 266
-15 279
-14 279
-13 333
-12 344
-11 356
-10 356
-9 356
-8 371
-7 372
-6 426
-5 435
-4 455
-3 461
-2 462
-1 476
