-74 0 -1
-73 0 -1
-72 0 -1
-71 0 -1
-70 0 -1
-69 0 -1
-68 0 -1
-67 0 -1
-66 0 -1
-65 0 -1
-64 0 -1
-63 0 -1
-62 0 -1
-61 0 -1
-60 0 -1
-59 0 -1
-58 0 -1
-57 0 -1
-56 0 -1
-55 0 -1
-54 0 -1
-53 0 -1
-52 0 -1
-51 0 -1
-50 0 -1
-49 0 -1
-48 0 -1
-47 0 -1
-46 0 -1
-45 0 -1
-44 0 -1
-43 0 -1
-42 0 -1
-41 0 -1
-40 0 -1
-39 0 -1
-38 0 -1
-37 0 -1
-36 0 -1
-35 0 -1
-34 0 -1
-33 0 -1
-32 0 -1
-31 0 -1
-30 1 -1
-29 1 -1
-28 1 -1
-27 1 -1
-26 5 -1
-25 12 -1
-24 19 -1
-23 35 -1
-22 46 -1
-21 48 -1
-20 55 -1
-19 65 -1
-18 83 -1
-17 103 -1
-16 135 -1
-15 171 -1
-14 222 -1
-13 249 -1
-12 303 -1
-11 384 -1
-10 384 -1
-9 457 -1
-8 659 -1
-7 741 -1
-6 785 -1
-5 900 -1
-4 1060 -1
-3 1171 -1
-2 1476 -1
-1 1624 -1
