-74 0 -1
-73 0 -1
-72 0 -1
-71 0 -1
-70 0 -1
-69 0 -1
-68 0 -1
-67 0 -1
-66 0 -1
-65 0 -1
-64 0 -1
-63 0 -1
-62 0 -1
-61 0 -1
-60 0 -1
-59 0 -1
-58 0 -1
-57 0 -1
-56 0 -1
-55 0 -1
-54 0 -1
-53 0 -1
-52 0 -1
-51 0 -1
-50 0 -1
-49 0 -1
-48 0 -1
-47 0 -1
-46 0 -1
-45 0 -1
-44 0 -1
-43 0 -1
-42 0 -1
-41 0 -1
-40 0 -1
-39 0 -1
-38 0 -1
-37 0 -1
-36 0 -1
-35 0 -1
-34 0 -1
-33 0 -1
-32 0 -1
-31 0 -1
-30 1 -1
-29 1 -1
-28 3 -1
-27 3 -1
-26 7 -1
-25 10 -1
-24 16 -1
-23 32 -1
-22 44 -1
-21 54 -1
-20 63 -1
-19 72 -1
-18 105 -1
-17 123 -1
-16 137 -1
-15 178 -1
-14 185 -1
-13 186 -1
-12 204 -1
-11 216 -1
-10 226 -1
-9 269 -1
-8 292 -1
-7 314 -1
-6 336 -1
-5 363 -1
-4 400 -1
-3 426 -1
-2 450 -1
-1 471 -1
