-71 0 -1
-70 0 -1
-69 0 -1
-68 0 -1
-67 0 -1
-66 0 -1
-65 0 -1
-64 0 -1
-63 0 -1
-62 0 -1
-61 0 -1
-60 0 -1
-59 0 -1
-58 0 -1
-57 0 -1
-56 0 -1
-55 0 -1
-54 0 -1
-53 0 -1
-52 0 -1
-51 0 -1
-50 0 -1
-49 0 -1
-48 0 -1
-47 0 -1
-46 0 -1
-45 0 -1
-44 0 -1
-43 0 -1
-42 0 -1
-41 0 -1
-40 0 -1
-39 0 -1
-38 0 -1
-37 0 -1
-36 0 -1
-35 0 -1
-34 0 -1
-33 0 -1
-32 0 -1
-31 0 -1
-30 0 -1
-29 0 -1
-28 1 -1
-27 1 -1
-26 1 -1
-25 3 -1
-24 3 -1
-23 7 -1
-22 13 -1
-21 17 -1
-20 24 -1
-19 38 -1
-18 51 -1
-17 62 -1
-16 62 -1
-15 116 -1
-14 150 -1
-13 202 -1
-12 240 -1
-11 274 -1
-10 402 -1
-9 554 -1
-8 709 -1
-7 927 -1
-6 1170 -1
-5 1187 -1
-4 1280 -1
-3 1326 -1
-2 1353 -1
-1 1380 -1
