-71 0 -1
-70 0 -1
-69 0 -1
-68 0 -1
-67 0 -1
-66 1 -1
-65 1 -1
-64 1 -1
-63 1 -1
-62 1 -1
-61 1 -1
-60 1 -1
-59 1 -1
-58 1 -1
-57 1 -1
-56 1 -1
-55 1 -1
-54 1 -1
-53 1 -1
-52 1 -1
-51 1 -1
-50 1 -1
-49 1 -1
-48 1 -1
-47 1 -1
-46 1 -1
-45 1 -1
-44 1 -1
-43 1 -1
-42 1 -1
-41 1 -1
-40 1 -1
-39 1 -1
-38 1 -1
-37 1 -1
-36 1 -1
-35 1 -1
-34 1 -1
-33 1 -1
-32 1 -1
-31 1 -1
-30 1 -1
-29 1 -1
-28 1 -1
-27 1 -1
-26 1 -1
-25 1 -1
-24 1 -1
-23 1 -1
-22 2 -1
-21 2 -1
-20 6 -1
-19 10 -1
-18 18 -1
-17 28 -1
-16 44 -1
-15 51 -1
-14 60 -1
-13 73 -1
-12 77 -1
-11 82 -1
-10 97 -1
-9 102 -1
-8 102 -1
-7 106 -1
-6 106 -1
-5 113 -1
-4 117 -1
-3 122 -1
-2 143 -1
-1 146 -1
