-79 1
-78 1
-77 3
-76 3
-75 4
-74 5
-73 8
-72 8
-71 9
-70 10
-69 10
-68 10
-67 10
-66 11
-65 11
-64 16
-63 16
-62 17
-61 18
-60 18
-59 18
-58 18
-57 18
-56 18
-55 18
-54 20
-53 22
-52 22
-51 23
-50 24
-49 26
-48 26
-47 28
-46 30
-45 31
-44 32
-43 32
-42 34
-41 39
-40 40
-39 41
-38 42
-37 42
-36 44
-35 45
-34 45
-33 45
-32 45
-31 47
-30 48
-29 49
-28 50
-27 53
-26 59
-25 67
-24 77
-23 100
-22 108
-21 135
-20 153
-19 169
-18 195
-17 215
-16 235
-15 252
-14 267
-13 283
-12 298
-11 306
-10 322
-9 329
-8 339
-7 348
-6 355
-5 363
-4 373
-3 376
-2 379
-1 380
0 382
