-69 0 -1
-68 0 -1
-67 0 -1
-66 0 -1
-65 0 -1
-64 0 -1
-63 0 -1
-62 0 -1
-61 0 -1
-60 0 -1
-59 0 -1
-58 0 -1
-57 0 -1
-56 0 -1
-55 0 -1
-54 0 -1
-53 0 -1
-52 0 -1
-51 0 -1
-50 0 -1
-49 0 -1
-48 0 -1
-47 0 -1
-46 0 -1
-45 0 -1
-44 0 -1
-43 0 -1
-42 0 -1
-41 0 -1
-40 0 -1
-39 0 -1
-38 0 -1
-37 0 -1
-36 0 -1
-35 0 -1
-34 0 -1
-33 0 -1
-32 0 -1
-31 0 -1
-30 0 -1
-29 0 -1
-28 0 -1
-27 1 -1
-26 1 -1
-25 1 -1
-24 1 -1
-23 2 -1
-22 2 -1
-21 5 -1
-20 7 -1
-19 7 -1
-18 16 -1
-17 18 -1
-16 18 -1
-15 20 -1
-14 24 -1
-13 29 -1
-12 39 -1
-11 54 -1
-10 60 -1
-9 75 -1
-8 89 -1
-7 114 -1
-6 173 -1
-5 197 -1
-4 227 -1
-3 278 -1
-2 312 -1
-1 312 -1
0 394 -1
