-75 0
-74 0
-73 0
-72 0
-71 0
-70 0
-69 0
-68 4
-67 4
-66 4
-65 4
-64 5
-63 5
-62 5
-61 5
-60 5
-59 5
-58 7
-57 7
-56 8
-55 8
-54 8
-53 8
-52 8
-51 8
-50 9
-49 9
-48 9
-47 9
-46 9
-45 9
-44 13
-43 13
-42 13
-41 13
-40 13
-39 13
-38 19
-37 21
-36 21
-35 21
-34 27
-33 27
-32 29
-31 29
-30 45
-29 45
-28 45
-27 74
-26 74
-25 85
-24 85
-23 85
-22 98
-21 98
-20 98
-19 113
-18 140
-17 140
-16 153
-15 153
-14 198
-13 248
-12 333
-11 333
-10 405
-9 468
-8 570
-7 611
-6 664
-5 814
-4 1024
-3 1264
-2 1505
-1 1799
