-91 0
-90 0
-89 0
-88 0
-87 0
-86 0
-85 0
-84 0
-83 0
-82 0
-81 0
-80 0
-79 0
-78 0
-77 0
-76 0
-75 0
-74 0
-73 0
-72 0
-71 0
-70 0
-69 0
-68 0
-67 0
-66 0
-65 0
-64 0
-63 0
-62 0
-61 0
-60 0
-59 0
-58 0
-57 0
-56 0
-55 0
-54 0
-53 0
-52 0
-51 0
-50 1
-49 1
-48 1
-47 1
-46 1
-45 1
-44 1
-43 1
-42 1
-41 1
-40 3
-39 3
-38 3
-37 7
-36 14
-35 14
-34 16
-33 29
-32 47
-31 73
-30 73
-29 97
-28 145
-27 196
-26 310
-25 356
-24 475
-23 548
-22 645
-21 794
-20 897
-19 1072
-18 1225
-17 1308
-16 1319
-15 1462
-14 1668
-13 1892
-12 2203
-11 2511
-10 2777
-9 3102
-8 3372
-7 3764
-6 4161
-5 4662
-4 5106
-3 5449
-2 5710
-1 6125
