-91 0
-90 0
-89 0
-88 0
-87 0
-86 0
-85 0
-84 0
-83 0
-82 0
-81 0
-80 0
-79 0
-78 0
-77 0
-76 0
-75 0
-74 0
-73 0
-72 0
-71 0
-70 0
-69 0
-68 0
-67 0
-66 0
-65 0
-64 0
-63 0
-62 0
-61 0
-60 0
-59 0
-58 0
-57 0
-56 0
-55 0
-54 0
-53 0
-52 0
-51 0
-50 0
-49 0
-48 0
-47 0
-46 0
-45 0
-44 0
-43 0
-42 0
-41 0
-40 0
-39 4
-38 4
-37 8
-36 29
-35 50
-34 79
-33 94
-32 110
-31 158
-30 162
-29 162
-28 189
-27 217
-26 238
-25 274
-24 304
-23 310
-22 338
-21 338
-20 350
-19 369
-18 400
-17 400
-16 406
-15 424
-14 424
-13 456
-12 473
-11 494
-10 480
-9 480
-8 483
-7 492
-6 502
-5 502
-4 508
-3 517
-2 535
-1 535
