-2081 0 -1
-2081 0 -1
-2081 0 -1
-2081 0 -1
-2081 0 -1
-2081 0 -1
-2081 0 -1
-2081 0 -1
-2081 0 -1
-2081 0 -1
-2078 0 -1
-2047 0 -1
-2018 0 -1
-1987 0 -1
-1957 0 -1
-1926 0 -1
-1896 0 -1
-1865 0 -1
-1834 0 -1
-1804 0 -1
-1773 0 -1
-1743 0 -1
-2081 0 -1
-2081 0 -1
-2081 0 -1
-2081 0 -1
-2081 0 -1
-2081 0 -1
-2081 0 -1
-2081 0 -1
-2081 0 -1
-2081 0 -1
-2081 0 -1
-2081 0 -1
-2081 0 -1
-2081 0 -1
-2081 0 -1
-2081 0 -1
-2081 0 -1
-2077 0 -1
-2046 0 -1
-2017 0 -1
-1986 0 -1
-1956 0 -1
-1925 0 -1
-1895 0 -1
-1864 0 -1
-1833 0 -1
-1803 0 -1
-1772 0 -1
-1742 0 -1
-2081 0 -1
-2081 2 -1
-2081 10 -1
-2081 17 -1
-2081 33 -1
-2081 36 -1
-2081 42 -1
-2081 42 -1
-2081 70 -1
