-91 0
-90 0
-89 0
-88 0
-87 0
-86 0
-85 0
-84 0
-83 0
-82 0
-81 0
-80 0
-79 0
-78 0
-77 0
-76 0
-75 0
-74 0
-73 0
-72 0
-71 0
-70 0
-69 0
-68 0
-67 0
-66 0
-65 0
-64 0
-63 0
-62 0
-61 0
-60 0
-59 0
-58 0
-57 0
-56 0
-55 0
-54 0
-53 0
-52 0
-51 0
-50 0
-49 0
-48 0
-47 0
-46 0
-45 0
-44 0
-43 0
-42 0
-41 0
-40 0
-39 2
-38 10
-37 17
-36 33
-35 36
-34 42
-33 42
-32 70
-31 70
-30 77
-29 84
-28 91
-27 107
-26 107
-25 119
-24 119
-23 135
-22 135
-21 143
-20 146
-19 153
-18 155
-17 159
-16 165
-15 165
-14 167
-13 171
-12 171
-11 175
-10 181
-9 189
-8 189
-7 197
-6 204
-5 204
-4 227
-3 256
-2 256
-1 285
