-73 0 -1
-72 2 -1
-71 2 -1
-70 2 -1
-69 2 -1
-68 2 -1
-67 2 -1
-66 2 -1
-65 2 -1
-64 2 -1
-63 6 -1
-62 6 -1
-61 8 -1
-60 8 -1
-59 8 -1
-58 10 -1
-57 10 -1
-56 13 -1
-55 13 -1
-54 14 -1
-53 15 -1
-52 15 -1
-51 16 -1
-50 16 -1
-49 16 -1
-48 16 -1
-47 16 -1
-46 16 -1
-45 16 -1
-44 16 -1
-43 16 -1
-42 16 -1
-41 16 -1
-40 16 -1
-39 16 -1
-38 16 -1
-37 16 -1
-36 16 -1
-35 16 -1
-34 16 -1
-33 16 -1
-32 16 -1
-31 16 -1
-30 16 -1
-29 16 -1
-28 18 -1
-27 30 -1
-26 30 -1
-25 31 -1
-24 38 -1
-23 39 -1
-22 47 -1
-21 53 -1
-20 56 -1
-19 61 -1
-18 66 -1
-17 75 -1
-16 85 -1
-15 91 -1
-14 94 -1
-13 113 -1
-12 123 -1
-11 134 -1
-10 141 -1
-9 153 -1
-8 163 -1
-7 174 -1
-6 188 -1
-5 203 -1
-4 212 -1
-3 218 -1
-2 233 -1
-1 237 -1
0 240 -1
