-50 1 0
-48 2 0
-47 8 0
-46 9 1
-45 12 1
-44 17 1
-43 19 1
-42 21 1
-41 31 1
-40 34 2 1
-39 45 2 4
-38 56 2 5
-37 65 2 5
-36 79 2 12
-35 97 2 12
-34 128 3 16
-33 158 3 22
-32 225 4 27
-31 266 4 38
-30 301 4 51
-29 387 6 52
-28 502 8 63
-27 589 12 72
-26 690 17 76
-25 745 19 80
-24 820 20 91
-23 966 24 228
-22 1054 27 240
-21 1133 31 248
-20 1265 36 256
-19 1353 42 266
-18 1451 43 279
-17 1554 46 280
-16 1628 53 325
-15 1715 60 338
-14 1795 65 358
-13 1894 79 365
-12 1975 82 375
-11 2137 89 440
-10 2203 94 467
-9 2272 98 514
-8 2432 105 558
-7 2560 112 595
-6 2658 122 630
-5 2747 129 665
-4 2828 132 684
-3 2930 134 708
-2 3020 142 733
-1 3133 151 836
