-74 4
-73 4
-72 5
-71 5
-70 7
-69 9
-68 9
-67 10
-66 12
-65 12
-64 13
-63 14
-62 15
-48 17 10
-47 21 10
-43 22 15
-40 25 15
-39 26 15
-38 29 1 15
-37 33 1 21
-36 40 1 21
-35 51 2 21
-34 59 2 21
-33 63 2 22
-32 73 2 22
-31 78 3 22
-30 91 3 22
-29 112 3 22
-28 128 3 24
-27 156 3 24
-26 198 3 27
-25 248 3 27
-24 298 5 27
-23 376 5 27
-22 453 5 27
-21 566 6 43
-20 708 6 46
-19 875 7 46
-18 1071 7 46
-17 1352 7 46
-16 1716 7 92
-15 2146 8 135
-14 2431 9 155
-13 2805 13 176
-12 3179 13 215
-11 3637 14 238
-10 3985 16 241
-9 4250 18 241
-8 4560 19 242
-7 4864 21 242
-6 5136 24 422
-5 5358 28 636
-4 5552 30 636
-3 5693 35 2315
-2 5800 41 2432
-1 5919 45 2547
