-53 5 0
-52 10 0
-51 10 0
-50 18 0
-49 29 0
-48 41 0 2
-47 55 0 2
-46 79 0 2
-45 99 0 3
-44 131 0 3
-43 182 0 5
-42 246 0 6
-41 361 1 6
-40 504 1 6
-39 655 1 7
-38 860 1 10
-37 1016 3 22
-36 1332 3 23
-35 1646 4 27
-34 2013 6 31
-33 2388 6 43
-32 2814 8 52
-31 3244 16 59
-30 3924 21 96
-29 4876 28 156
-28 5560 31 226
-27 6398 49 329
-26 7399 58 481
-25 7995 68 612
-24 8536 86 783
-23 9377 108 1005
-22 9974 128 1238
-21 10482 146 1453
-20 10967 158 1749
-19 11383 168 2022
-18 11665 186 2507
-17 11907 204 2998
-16 12206 220 3463
-15 12519 243 4046
-14 12852 273 4512
-13 13138 295 5240
-12 13492 319 6064
-11 13776 337 6604
-10 13894 350 6987
-9 13999 368 7343
-8 14159 384 7633
-7 14321 393 8098
-6 14451 410 8986
-5 14553 431 9704
-4 14637 443 10214
-3 14696 452 10501
-2 14755 470 10631
-1 14810 491 10971
0 14889 510 11328
