-66 1
-40 2 1
-39 8 1
-38 13 1
-37 23 1
-36 50 1
-35 109 1
-34 169 1
-33 200 1
-32 239 1
-31 267 1 1
-30 314 3 1
-29 399 3 1
-28 559 3 1
-27 689 4 1
-26 886 4 1
-25 1058 5 1
-24 1243 10 15
-23 1486 14 31
-22 1795 21 155
-21 2257 37 204
-20 2815 67 263
-19 3401 75 340
-18 3743 88 350
-17 4269 122 410
-16 4937 178 547
-15 6235 220 675
-14 7284 289 858
-13 9134 353 1063
-12 10386 431 1359
-11 11899 513 1527
-10 12775 705 1696
-9 13964 828 2132
-8 15348 1011 2495
-7 16770 1143 2872
-6 18431 1283 3247
-5 19691 1447 3751
-4 20814 1632 3986
-3 22194 2035 4157
-2 23403 2240 4681
-1 24983 2523 5164
0 26667 3019 5568
