-47 2 0
-46 2 0
-45 3 0
-44 10 0
-43 10 0
-42 11 0
-41 11 0
-40 12 0
-39 12 0
-38 16 0
-37 19 0
-36 20 0
-35 27 0
-34 28 0
-33 32 0
-32 39 0
-31 61 0
-30 74 0
-29 81 0
-28 96 3
-27 107 6
-26 115 7
-25 123 8 1
-24 132 9 1
-23 139 10 1
-22 157 10 2
-21 183 11 2
-20 194 14 2
-19 210 15 2
-18 264 18 2
-17 268 19 2
-16 275 20 2
-15 300 24 2
-14 330 27 2
-13 354 28 6
-12 397 28 7
-11 441 29 14
-10 465 31 26
-9 493 31 31
-8 520 32 31
-7 564 33 31
-6 598 34 37
-5 609 37 44
-4 672 40 44
-3 703 43 54
-2 807 44 63
-1 866 46 74
0 950 50 80
