-56 1 0
-53 2 0
-49 4 0
-48 8 0
-47 14 0
-46 19 0
-45 25 0
-44 30 0
-43 34 0
-42 52 0 1
-41 76 0 1
-40 98 0 1
-39 121 0 1
-38 200 0 1
-37 234 0 1
-36 291 1 1
-35 428 4 1
-34 621 7 1
-33 964 11 1
-32 1178 18 2
-31 1546 25 2
-30 1891 34 2
-29 2201 46 6
-28 2433 57 6
-27 2915 77 6
-26 3417 92 6
-25 3904 114 6
-24 4256 136 6
-23 4579 159 6
-22 5717 201 127
-21 6836 240 127
-20 7910 299 127
-19 9056 359 127
-18 10278 431 127
-17 11130 486 127
-16 12056 553 127
-15 13717 667 127
-14 15927 800 127
-13 17857 941 127
-12 19638 1056 127
-11 20727 1124 127
-10 22169 1223 127
-9 23430 1328 127
-8 25262 1532 14026
-7 28320 1736 14026
-6 30425 1924 14026
-5 34221 2171 14026
-4 36599 2347 14026
-3 38654 2462 22130
-2 40581 2575 22130
-1 43079 2629 22991
