-49 4 0
-47 6 0
-46 7 1
-45 23 1
-44 31 1
-43 41 2
-42 51 2
-41 62 2
-40 81 2
-39 92 2
-38 105 3
-37 127 3 1
-36 163 3 3
-35 187 3 3
-34 201 3 3
-33 218 3 3
-32 242 3 4
-31 264 3 8
-30 293 3 9
-29 331 7 11
-28 346 8 14
-27 359 8 17
-26 399 8 17
-25 422 9 20
-24 457 10 25
-23 485 14 30
-22 503 17 34
-21 531 20 37
-20 549 22 39
-19 577 23 42
-18 593 24 42
-17 618 24 48
-16 635 25 54
-15 661 28 62
-14 675 29 68
-13 685 32 71
-12 713 35 81
-11 747 36 105
-10 800 38 122
-9 846 41 141
-8 878 41 153
-7 894 42 161
-6 929 43 167
-5 975 45 170
-4 1024 49 174
-3 1097 52 190
-2 1188 54 193
-1 1247 54 197
0 1300 56 205
