-72 1
-71 1
-70 2
-69 3
-66 4
-62 5
-61 5
-60 7
-54 7 1
-53 7 1
-52 8 1
-47 8 2
-46 9 2
-43 10 4
-42 11 4
-41 11 7
-40 12 7
-39 14 7
-38 16 7
-37 20 7
-36 24 7
-35 27 7
-34 33 7
-33 34 7
-32 48 8
-31 54 8
-30 60 8
-29 67 8
-28 79 1 8
-27 97 1 9
-26 118 1 9
-25 159 1 9
-24 198 1 9
-23 254 1 9
-22 338 1 9
-21 441 4 10
-20 598 8 11
-19 728 9 11
-18 873 12 13
-17 1088 12 15
-16 1331 19 16
-15 1472 20 18
-14 2091 24 112
-13 2819 27 186
-12 3409 35 197
-11 4043 39 228
-10 4757 55 352
-9 5655 61 500
-8 6320 66 584
-7 7448 89 1113
-6 8591 101 1358
-5 9731 111 1743
-4 11285 138 1971
-3 12549 187 2322
-2 14018 233 2805
-1 15513 280 3100
