-50 1 0
-49 3 0
-48 4 0
-47 5 0
-46 6 0
-45 9 0
-44 12 0
-43 18 0
-42 23 0
-41 34 0
-40 43 0
-39 61 0
-38 75 0
-37 156 0
-36 201 0 1
-35 238 0 3
-34 342 0 5
-33 434 0 6
-32 537 1 8
-31 632 1 8
-30 746 2 11
-29 922 2 17
-28 1142 3 22
-27 1306 4 33
-26 1610 5 43
-25 1909 6 61
-24 2139 7 75
-23 2449 8 156
-22 2738 12 201
-21 3031 16 234
-20 3404 18 335
-19 3737 22 427
-18 4161 27 528
-17 4471 34 598
-16 4815 37 728
-15 5116 43 898
-14 5546 48 1115
-13 5972 57 1274
-12 6501 65 1571
-11 6927 73 1864
-10 7213 80 2059
-9 7525 82 2367
-8 7917 92 2646
-7 8273 94 2937
-6 8807 105 3299
-5 9252 116 3621
-4 9730 126 4035
-3 10088 133 4338
-2 10507 139 4476
-1 10832 147 4969
0 11296 160 5386
