-47 1 0
-44 3 0
-42 9 0
-41 13 0
-40 16 0
-39 24 0
-38 45 0
-37 57 1
-36 75 1
-35 102 1
-34 128 1
-33 175 1
-32 210 1 3
-31 235 2 3
-30 306 3 6
-29 378 3 6
-28 470 4 8
-27 491 6 8
-26 539 6 10
-25 608 6 10
-24 702 10 10
-23 798 14 15
-22 906 16 31
-21 1065 17 39
-20 1161 19 55
-19 1267 25 55
-18 1406 32 85
-17 1485 35 88
-16 1579 46 88
-15 1780 50 100
-14 2054 55 123
-13 2223 69 174
-12 2473 80 197
-11 2709 100 214
-10 2776 109 270
-9 2852 112 319
-8 2979 127 354
-7 3105 131 452
-6 3233 144 550
-5 3439 153 634
-4 3621 166 691
-3 3792 179 711
-2 3977 189 804
-1 4149 196 804
