-57 1 0
-56 3 0
-55 3 0
-54 5 0
-53 7 0
-52 7 0
-51 8 0
-50 9 0
-49 9 0
-48 10 0
-47 11 0
-46 12 0
-45 12 0
-44 13 0
-43 15 0
-42 19 0
-41 27 0 1
-40 32 0 1
-39 39 0 2
-38 49 0 2
-37 56 0 4
-36 69 0 5
-35 89 1 5
-34 105 1 5
-33 128 1 5
-32 206 1 5
-31 254 1 5
-30 315 1 5
-29 382 1 16
-28 442 1 22
-27 495 2 22
-26 586 3 37
-25 657 5 49
-24 713 6 52
-23 790 6 64
-22 867 6 67
-21 963 6 73
-20 1011 7 88
-19 1079 8 92
-18 1126 12 119
-17 1182 15 125
-16 1222 16 130
-15 1282 18 167
-14 1343 19 179
-13 1407 20 219
-12 1495 21 231
-11 1534 21 323
-10 1600 23 373
-9 1650 25 400
-8 1704 31 415
-7 1741 33 473
-6 1791 35 529
-5 1814 36 600
-4 1832 39 615
-3 1871 47 709
-2 1881 47 771
-1 1908 48 801
0 1950 48 869
