-55 1 0
-54 2 0
-53 3 0
-52 4 0
-51 4 0
-50 10 0
-49 15 0
-48 20 0
-47 23 0
-46 29 0
-45 37 0
-44 92 0
-43 264 0
-42 516 0
-41 676 1
-40 804 1
-39 836 2
-38 875 4
-37 932 5
-36 1024 6
-35 1115 9
-34 1223 14
-33 1335 18
-32 1418 21
-31 1512 24
-30 1582 24
-29 1717 32
-28 1861 34
-27 2023 41
-26 2199 52
-25 2366 65
-24 2564 72
-23 2755 77 1
-22 3039 90 2
-21 3290 104 894
-20 3573 123 1172
-19 3946 139 1193
-18 4268 161 1379
-17 4561 179 1430
-16 4875 187 1489
-15 5266 203 1615
-14 5597 218 1762
-13 5830 237 1883
-12 6014 247 1929
-11 6191 260 2111
-10 6369 273 2291
-9 6513 285 2403
-8 6706 299 2689
-7 6876 309 2925
-6 7074 321 3203
-5 7268 336 3571
-4 7437 346 4031
-3 7580 355 4328
-2 7711 364 4500
-1 7891 370 4889
0 8108 384 5276
