-53 1 0
-52 6 0
-50 11 0
-49 14 0
-45 15 0
-43 17 0
-40 23 1
-39 28 2
-38 37 2
-37 58 2
-36 111 2
-35 155 2
-34 260 4 3
-33 367 5 3
-32 532 7 3
-31 789 14 3
-30 981 18 3
-29 1082 27 3
-28 1211 27 3
-27 1403 34 3
-26 1627 41 3
-25 1835 48 3
-24 1924 58 3
-23 1966 62 54
-22 2302 79 58
-21 2758 98 58
-20 3163 120 65
-19 3368 145 71
-18 3465 170 100
-17 3646 180 100
-16 3747 191 100
-15 3995 220 140
-14 4450 242 140
-13 4965 272 339
-12 7161 297 368
-11 7257 315 411
-10 7466 333 501
-9 7529 355 597
-8 7603 369 696
-7 7858 388 780
-6 8225 403 838
-5 8450 421 922
-4 9022 456 1008
-3 9468 474 1061
-2 10128 507 1150
-1 10398 520 1207
0 10850 537 1262
