-55 1 0 0
-51 2 0 0
-50 3 0 0
-49 3 0 0
-48 5 0 0
-47 10 0 0
-44 10 0 0
-43 13 0 0
-42 17 0 0
-41 41 0 0
-40 79 0 0
-39 115 0 1
-38 171 0 1
-37 205 0 1
-36 225 0 1
-35 258 0 1
-34 267 0 1
-33 283 0 1
-32 306 0 2
-31 326 0 4
-30 352 0 4
-29 369 0 8
-28 404 1 8
-27 538 1 8
-26 575 1 11
-25 640 1 20
-24 679 3 20
-23 715 3 22
-22 745 4 26
-21 779 5 33
-20 858 11 45
-19 961 12 48
-18 1018 13 59
-17 1097 15 62
-16 1108 19 62
-15 1149 21 69
-14 1185 24 72
-13 1207 24 83
-12 1258 24 93
-11 1304 24 93
-10 1309 25 98
-9 1332 27 102
-8 1373 31 115
-7 1400 35 117
-6 1434 36 133
-5 1459 38 145
-4 1512 38 162
-3 1528 40 164
-2 1535 40 165
-1 1552 43 169
0 1559 44 184
