-84 1 0
-70 1 0 1
-57 2 0
-55 3 0
-54 5 0
-53 6 0
-52 7 0
-51 7 0
-50 11 0
-49 16 0
-48 17 0
-47 22 0
-46 29 0
-45 38 0
-44 54 0
-43 108 0 2
-42 181 0 2
-41 238 0 2
-40 266 0 2
-39 292 0 10
-38 339 0 10
-37 384 0 10
-36 425 0 10
-35 511 0 10
-34 603 0 10
-33 685 0 10
-32 767 1 10
-31 845 1 10
-30 927 1 10
-29 1027 1 10
-28 1126 3 10
-27 1230 4 10
-26 1319 7 10
-25 1393 9 10
-24 1451 11 10
-23 1567 13 10
-22 1684 17 10
-21 1829 17 10
-20 1983 19 300
-19 2181 20 300
-18 2255 25 300
-17 2361 28 300
-16 2569 27 300
-15 2767 34 300
-14 2894 40 300
-13 3040 42 300
-12 3104 48 300
-11 3179 49 300
-10 3258 56 300
-9 3363 59 300
-8 3512 64 300
-7 3630 72 300
-6 3726 75 1700
-5 3848 82 1700
-4 3902 90 1700
-3 3961 94 1700
-2 4093 98 2000
-1 4129 141 2000
