-57 13 1 11
-56 18 2 11
-55 38 2 11
-54 57 2 11
-53 100 2 12
-52 130 3 12
-51 191 3 12
-50 212 4 12
-49 285 4 12
-48 423 7 12
-47 613 9 12
-46 949 16 12
-45 1126 19 12
-44 1412 25 12
-43 1784 33 12
-42 2281 48 12
-41 2876 61 12
-40 3661 79 12
-39 4499 91 12
-38 5423 127 12
-37 6633 148 12
-36 7730 175 602
-35 9134 244 1000
-34 10995 375 1300
-33 12612 450 1587
-32 14459 562 1587
-31 16689 674 2200
-30 19856 860 2200
-29 22302 1100 3281
-28 25233 1331 3900
-27 29155 1696 4948
-26 32964 1995 5700
-25 37575 2314 6624
-24 40174 2606 7132
-23 44550 3024 7923
-22 52128 3523 9444
-21 56989 4032 10935
-20 59105 5387 12427
-19 64338 6507 14008
-18 68605 7560 15438
-17 70478 8078 16183
-16 74390 8911 17250
-15 78167 10328 19337
-14 82048 10869 21254
-13 86334 12210 23200
-12 90676 13197 24932
-11 93790 13832 26391
-10 95403 14393 27186
-9 98076 14967 27718
-8 103573 15729 28805
-7 106206 17167 30955
-6 108847 17920 32812
-5 109252 18681 34420
-4 111821 19323 35983
-3 112606 19718 36578
-2 114657 20265 37409
-1 117324 20796 39181
0 119151 21340 40657
