-46 16
-45 18
-44 21
-43 26
-42 53
-41 66
-40 117
-39 150
-38 188
-37 240
-36 349
-35 534
-34 684
-33 847 18
-32 1112 2 18
-31 1460 2 18
-30 1884 3 19
-29 2369 5 19
-28 3062 8 46
-27 3795 8 46
-26 4838 12 46
-25 6012 12 60
-24 7156 12 60
-23 8198 12 72
-22 10999 20 72
-21 13957 31 72
-20 16662 47 72
-19 18610 55 72
-18 22672 86 422
-17 27436 114 3290
-16 31554 149 5600
-15 36508 198 5900
-14 42288 253 7600
-13 48582 325 9600
-12 52547 389 11500
-11 57298 455 13500
-10 61913 583 16100
-9 67366 732 18700
-8 73522 872 21400
-7 79696 1017 23800
-6 85778 1158 26400
-5 91714 1342 28700
-4 95391 1434 30600
-3 99225 1607 33300
-2 103228 1861 46300
-1 108202 2107 49900
0 113525 2373 53913
