-44 1
-43 3
-42 4
-41 7
-40 7
-39 7
-38 7
-37 9
-36 31
-35 45
-34 66
-33 73
-32 84
-31 89
-30 99
-29 117 1 2
-28 190 1 2
-27 228 3 8
-26 331 4 8
-25 352 4 10
-24 387 5 14
-23 418 5 14
-22 464 6 19
-21 495 10 19
-20 530 13 19
-19 624 15 19
-18 695 17 29
-17 743 20 32
-16 821 22 38
-15 892 26 42
-14 966 28 52
-13 1061 32 52
-12 1156 38 53
-11 1212 43 53
-10 1314 49 53
-9 1415 50 53
-8 1544 53 53
-7 1613 59 53
-6 1673 68 53
-5 1735 73 53
-4 1755 79 269
-3 1832 81 269
-2 1884 83 273
-1 1955 86 273
0 2011 90 301
