-54 1 0
-53 1 0
-52 3 0
-51 9 0
-50 16 0
-49 26 0
-48 37 0
-47 45 0
-46 50 0
-45 58 0
-44 65 0
-43 81 0
-42 90 0
-41 117 0
-40 138 0
-39 161 0 2
-38 180 0 3
-37 199 0 7
-36 247 1 11
-35 330 1 20
-34 409 1 25
-33 473 1 36
-32 568 1 39
-31 588 1 41
-30 648 2 54
-29 737 2 63
-28 802 2 79
-27 890 2 94
-26 963 2 112
-25 1020 2 125
-24 1086 2 144
-23 1135 2 178
-22 1220 2 228
-21 1319 4 270
-20 1364 4 314
-19 1417 4 396
-18 1486 4 428
-17 1562 6 460
-16 1586 6 559
-15 1616 6 633
-14 1648 6 688
-13 1675 7 751
-12 1689 8 841
-11 1701 8 889
-10 1711 8 933
-9 1720 8 989
-8 1727 8 1077
-7 1739 8 1144
-6 1754 9 1224
-5 1760 9 1291
-4 1771 9 1328
-3 1773 10 1362
-2 1778 10 1417
-1 1785 10 1462
