-71 1 0 0
-68 2 0 0
-67 3 0 0
-39 5 0 3
-38 6 0 3
-37 28 0 3
-36 30 0 3
-35 31 0 3
-34 34 0 3
-33 39 0 3
-32 44 0 3
-31 50 0 3
-30 60 0 3
-29 74 1 3
-28 81 2 10
-27 84 2 10
-26 110 2 13
-25 114 2 13
-24 137 3 14
-23 151 3 14
-22 173 4 20
-21 223 4 23
-20 315 4 23
-19 360 7 24
-18 468 9 35
-17 519 10 40
-16 606 10 43
-15 694 16 45
-14 834 19 67
-13 918 19 80
-12 1024 27 96
-11 1251 32 102
-10 1397 35 124
-9 1834 41 144
-8 2069 53 156
-7 2547 62 163
-6 3072 75 213
-5 3577 83 275
-4 4281 111 319
-3 4789 124 353
-2 5274 149 411
-1 5865 169 478
0 6761 206 516
