-63 2 2
-62 5 2
-61 18 4
-60 29 5
-59 43 8 1
-58 64 12 3
-57 95 15 25
-56 139 19 25
-55 245 26 54
-54 388 34 73
-53 593 43 123
-52 978 54 175
-51 1501 66 291
-50 2336 77 435
-49 2922 92 552
-48 3513 107 739
-47 4747 124 913
-46 5823 145 1669
-45 6566 194 2134
-44 7161 237 2394
-43 8042 291 2731
-42 9000 354 2959
-41 10075 429 3276
-40 11364 514 3529
-39 12729 611 4339
-38 13938 724 4590
-37 14991 853 4996
-36 16169 988 5389
-35 17361 1135 5710
-34 18407 1284 5979
-33 19644 1433 6745
-32 20610 1556 7635
-31 21638 1685 7931
-30 23049 1812 8376
-29 24811 1934 9001
-28 27077 2077 9625
-27 29406 2234 10457
-26 32332 2378 11133
-25 35408 2517 11679
-24 38309 2640 12391
-23 41495 2757 13911
-22 44606 2898 14656
-21 47593 3036 15473
-20 50468 3160 16711
-19 53183 3294 17935
-18 55743 3452 19736
-17 58226 3603 22011
-16 60500 3739 24236
-15 62589 3872 27039
-14 64586 3993 29812
-13 66220 4110 32309
-12 68192 4232 35465
-11 70029 4357 41947
-10 71686 4474 43894
-9 73303 4585 45983
-8 74877 4683 48129
-7 76389 4777 49933
-6 77995 4869 52229
-5 79494 4958 54064
-4 80868 5031 55987
-3 82211 5118 57023
-2 83505 5209 59273
-1 84802 5297 60965
0 85996 5391 63113
