-61 2 0 0
-60 2 0 0
-59 2 0 0
-58 2 0 0
-57 2 0 0
-56 3 0 0
-55 5 0 0
-54 7 0 0
-53 10 0 0
-52 12 0 0
-51 12 0 0
-50 15 0 2
-49 16 0 3
-48 20 0 3
-47 22 0 3
-46 37 0 3
-45 39 0 3
-44 59 0 3
-43 77 0 3
-42 99 0 3
-41 130 0 3
-40 164 0 4
-39 200 0 4
-38 253 0 4
-37 318 0 4
-36 421 0 11
-35 524 0 12
-34 677 0 14
-33 838 1 15
-32 943 1 36
-31 1207 1 37
-30 1552 1 41
-29 2000 3 53
-28 2463 5 64
-27 3011 8 70
-26 3404 12 79
-25 3824 12 89
-24 4316 12 132
-23 4782 15 161
-22 5523 20 224
-21 6186 21 226
-20 6901 29 334
-19 7533 36 357
-18 7989 42 458
-17 8618 46 546
-16 8970 51 670
-15 9313 59 770
-14 9749 71 801
-13 10067 79 1011
-12 10441 92 1183
-11 10825 96 1341
-10 11223 103 1627
-9 11809 110 1855
-8 12159 117 2195
-7 12526 126 2563
-6 12802 140 2818
-5 13073 148 3126
-4 13265 158 3456
-3 13491 171 3754
-2 13713 173 4049
-1 13942 181 4507
0 14326 187 4961
