-96 1 0
-95 1 0
-94 1 0
-93 1 0
-92 1 0
-91 1 0
-90 1 0
-89 3 0
-88 3 0
-87 4 0
-86 6 0
-85 7 0
-84 11 0
-83 14 0
-82 17 0
-81 20 0
-80 20 0
-79 20 0
-78 23 0 2
-77 25 0 4
-76 25 0 4
-75 25 0 4
-74 26 0 4
-73 26 0 4
-72 26 0 4
-71 26 0 4
-70 28 0 11
-69 33 1 12
-68 41 1 12
-67 53 1 12
-66 59 1 16
-65 65 1 16
-64 73 1 18
-63 85 1 20
-62 93 1 20
-61 105 1 21
-60 132 1 24
-59 144 1 26
-58 157 1 27
-57 164 1 32
-56 186 3 40
-55 210 4 41
-54 230 5 42
-53 239 5 42
-52 254 6 43
-51 268 6 46
-50 284 6 48
-49 317 6 49
-48 349 6 60
-47 408 6 67
-46 455 6 80
-45 488 7 101
-44 514 9 102
-43 568 12 118
-42 620 15 123
-41 675 19 135
-40 716 21 144
-39 780 22 157
-38 814 24 164
-37 829 28 171
-36 873 29 191
-35 914 31 215
-34 950 33 227
-33 1007 35 232
-32 1054 36 272
-31 1086 41 285
-30 1128 42 301
-29 1193 43 310
-28 1291 45 359
-27 1387 46 359
-26 1499 49 359
-25 1693 52 388
-24 1866 52 408
-23 1953 56 425
-22 2178 57 472
-21 2384 57 505
-20 2617 63 505
-19 2920 69 505
-18 3271 70 514
-17 3654 73 575
-16 3906 80 592
-15 4257 82 622
-14 4768 85 632
-13 5347 88 665
-12 6005 94 685
-11 6748 98 714
-10 7255 102 784
-9 7645 109 799
-8 8100 119 853
-7 8582 136 935
-6 9167 148 1012
-5 9795 154 1069
-4 10361 161 1159
-3 10751 171 1239
-2 11119 186 1356
-1 11496 277 2040
