-89 3 0 0
-88 4 0 0
-87 4 0 0
-86 6 0 0
-85 8 0 0
-79 9 0 0
-78 12 0 1
-77 14 0 1
-76 14 0 1
-75 15 0 1
-74 16 0 2
-73 18 0 3
-70 19 0 3
-69 19 0 3
-68 21 0 7
-67 21 0 7
-66 22 0 8
-65 22 0 9
-64 22 0 13
-63 22 0 17
-59 22 0 18
-58 22 0 20
-55 24 0 22
-54 25 0 22
-53 29 0 22
-52 29 0 22
-51 33 0 22
-50 36 0 22
-49 50 0 22
-48 55 0 22
-47 83 0 23
-46 93 0 25
-45 99 0 25
-44 118 0 26
-43 130 0 26
-42 149 0 27
-41 158 0 33
-40 200 0 33
-39 242 0 36
-38 428 0 42
-37 553 0 42
-36 673 2 49
-35 790 2 60
-34 900 2 75
-33 1030 3 87
-32 1183 8 114
-31 1306 11 139
-30 1518 14 159
-29 1624 16 183
-28 1796 20 199
-27 2031 24 215
-26 2161 26 259
-25 2320 27 320
-24 2470 35 388
-23 2626 37 479
-22 2766 43 537
-21 2908 45 645
-20 3116 50 767
-19 3333 53 827
-18 3483 57 915
-17 3662 61 1005
-16 3793 62 1241
-15 3963 63 1321
-14 4119 65 1487
-13 4228 67 1608
-12 4346 70 1830
-11 4530 73 1995
-10 4683 76 2108
-9 4817 77 2276
-8 4987 82 2478
-7 5072 83 2647
-6 5182 84 2766
-5 5251 86 2967
-4 5305 88 3102
-3 5389 89 3197
-2 5425 89 3295
-1 5482 92 3349
0 5532 93 3452
