-43 1
-42 2
-41 6
-40 9
-39 19
-38 24
-37 38
-36 82
-35 128 1
-34 188 1
-33 264 3
-32 321 4
-31 382 4
-30 503 5
-29 614 5
-28 804 10
-27 959 12
-26 1135 20
-25 1413 24
-24 1705 43
-23 2051 58
-22 2460 76
-21 2994 106
-20 3631 136
-19 4204 179
-18 4749 213
-17 5560 276
-16 6412 356
-15 7431 434
-14 8603 546
-13 9762 639
-12 10866 771
-11 11750 864
-10 12595 1039
-9 13614 1173
-8 14697 1339
-7 15723 1487
-6 16627 1651
-5 17851 1766
-4 18803 1867
-3 19580 2101
-2 20549 2248
-1 21762 2396
0 23097 2511
