-56 1 0
-55 4 0
-54 7 0
-53 15 0
-52 19 0
-51 25 0
-50 33 0
-49 54 0
-48 84 0
-47 111 0
-46 145 0
-45 167 0
-44 190 0
-43 275 0
-42 489 0
-41 621 1
-40 750 1
-39 907 3
-38 1077 3
-37 1169 3
-36 1308 3
-35 1423 6
-34 1552 6
-33 1742 7
-32 1926 7
-31 2132 7
-30 2371 7
-29 2566 10
-28 2916 12
-27 3156 14
-26 3581 16
-25 3845 20
-24 4102 22
-23 4226 27
-22 4447 28
-21 4655 32
-20 4935 42
-19 5208 44
-18 5510 50
-17 5640 58
-16 5755 59
-15 5863 69
-14 6010 80
-13 6160 88
-12 6244 92
-11 6320 98
-10 6415 103
-9 6488 114
-8 6566 127
-7 6677 130
-6 6791 136
-5 6891 137
-4 6984 148
-3 7068 154
-2 7113 154
-1 7166 163
