-56 2 0
-53 4 0
-50 5 0
-48 6 1
-45 7 0 1
-44 16 0 1
-43 19 0 1
-42 20 0 1
-41 21 0 1
-40 28 0 1
-39 31 0 2
-38 53 0 3
-37 187 0 3
-36 241 0 4
-35 302 2 5
-34 461 2 5
-33 495 3 5
-32 646 3 5
-31 784 5 6
-30 887 6 6
-29 991 7 7
-28 1057 8 21
-27 1197 9 23
-26 1408 11 26
-25 1526 13 28
-24 1625 18 32
-23 1865 25 58
-22 2039 26 82
-21 2291 31 107
-20 2450 35 126
-19 2640 36 130
-18 2818 41 150
-17 3062 45 170
-16 3556 51 259
-15 4005 55 429
-14 4207 61 467
-13 4489 63 572
-12 4695 66 727
-11 5011 86 767
-10 5230 91 1028
-9 5496 93 1097
-8 5837 96 1378
-7 6383 111 1446
-6 6919 128 1645
-5 7025 135 1765
-4 7638 144 1832
-3 8348 168 1868
-2 8418 176 1970
-1 9565 201 2073
