-49 1 0
-48 1 0
-47 5 0
-46 5 0
-45 6 0
-44 7 0
-43 7 0
-42 8 0
-41 9 0
-40 11 0
-39 11 0
-38 13 0
-37 18 1
-36 22 1
-35 22 1
-34 27 2
-33 37 3
-32 41 3
-31 52 3 1
-30 56 3 1
-29 59 3 1
-28 64 3 1
-27 65 3 1
-26 69 3 1
-25 77 3 3
-24 92 3 6
-23 96 3 12
-22 104 3 12
-21 113 5 12
-20 115 5 15
-19 119 5 15
-18 124 5 18
-17 129 6 18
-16 133 6 18
-15 134 6 22
-14 147 6 22
-13 159 7 22
-12 161 8 23
-11 174 8 30
-10 199 8 30
-9 202 8 35
-8 206 8 41
-7 208 8 46
-6 208 8 53
-5 213 9 62
-4 213 9 67
-3 220 9 70
