-83 1 0
-80 2 1
-77 3 1 1
-72 3 1 2
-48 5 1 2
-46 6 1 2
-45 10 1 2
-44 24 1 2
-43 33 1 2
-42 49 2 2
-41 52 5 2
-40 64 6 2
-39 111 8 2
-38 140 12 2
-37 142 12 3
-36 187 14 4
-35 202 17 7
-34 217 17 8
-33 230 18 8
-32 307 19 13
-31 380 25 17
-30 462 33 18
-29 552 35 20
-28 636 38 26
-27 707 45 28
-26 803 54 31
-25 1075 68 35
-24 1418 71 42
-23 1546 78 42
-22 2084 88 49
-21 2311 96 50
-20 2633 107 51
-19 3018 136 52
-18 3094 144 57
-17 3246 152 64
-16 3660 163 73
-15 3764 177 84
-14 3870 182 96
-13 4076 203 124
-12 4195 221 140
-11 4428 247 157
-10 4648 297 197
-9 4932 315 242
-8 5223 335 295
-7 5453 349 353
-6 5660 362 435
-5 5878 387 487
-4 6087 397 516
-3 6259 409 572
-2 6459 428 613
-1 6599 437 651
0 6710 446 693
