-51 2 0
-50 4 0
-49 6 0
-48 9 0
-47 13 0
-46 21 0
-45 30 0
-44 39 0
-43 41 0
-42 59 0
-41 78 0 1
-40 112 0 1
-39 169 0 1
-38 245 0 2
-37 331 1 3
-36 448 1 3
-35 642 2 3
-34 785 3 3
-33 1020 6 5
-32 1280 12 5
-31 1600 14 5
-30 2060 23 14
-29 2362 33 22
-28 2995 43 22
-27 3544 60 43
-26 4268 76 43
-25 5170 100 43
-24 5962 119 43
-23 6408 140 43
-22 7443 160 43
-21 8251 187 43
-20 9034 209 68
-19 9886 246 68
-18 10524 266 75
-17 11278 295 75
-16 11730 311 140
-15 12442 345 184
-14 13141 380 196
-13 13956 409 205
-12 15472 435 233
-11 15987 470 266
-10 16585 504 277
-9 16934 535 277
-8 17448 567 347
-7 18091 599 383
-6 18841 629 493
-5 19022 657 519
-4 19685 687 610
-3 20206 714 610
-2 20863 735 610
-1 21379 762 917
0 21982 785 1143
