-56 1 0
-54 3 0
-50 4 0 1
-49 6 0 1
-48 6 0 1
-47 9 0 3
-46 13 0 4
-45 15 0 5
-44 17 0 5
-43 29 0 5
-42 47 0 7
-41 59 0 7
-40 95 0 7
-39 123 0 9
-38 139 0 9
-37 168 0 9
-36 217 0 19
-35 260 0 19
-34 277 0 25
-33 308 0 31
-32 367 0 52
-31 433 3 64
-30 576 7 73
-29 762 12 79
-28 906 17 86
-27 1029 23 94
-26 1292 26 115
-25 1452 29 139
-24 1760 43 169
-23 1952 65 209
-22 2245 80 220
-21 2460 85 252
-20 2738 94 267
-19 3183 116 283
-18 3613 141 329
-17 3864 148 374
-16 4057 157 406
-15 4417 182 460
-14 4761 209 528
-13 5202 229 647
-12 5467 257 729
-11 5990 282 758
-10 6300 306 852
-9 6633 318 914
-8 6879 332 1051
-7 7216 362 1217
-6 7707 387 1357
-5 8067 400 1508
-4 8418 417 1730
-3 8746 434 1892
-2 8936 451 2017
-1 9242 482 2153
0 9710 508 2406
