-82 2 0
-51 3 0 2
-48 4 0 2
-47 10 0 3
-46 14 0 3
-45 17 0 3
-44 20 0 3
-43 20 0 3
-42 28 0 3
-41 34 0 3
-40 45 0 3
-39 59 0 3
-38 63 0 3
-37 93 0 4
-36 114 0 5
-35 147 0 5
-34 199 0 5
-33 253 0 12
-32 306 0 16
-31 367 0 16
-30 438 0 17
-29 495 0 22
-28 658 0 29
-27 840 2 38
-26 1036 3 45
-25 1264 4 49
-24 1534 8 64
-23 1836 9 66
-22 2337 17 121
-21 2777 24 190
-20 3548 30 235
-19 4149 34 281
-18 4731 43 333
-17 5389 45 355
-16 6343 47 406
-15 7497 58 494
-14 8672 63 580
-13 10131 76 698
-12 11917 94 795
-11 13584 106 1045
-10 15770 130 1291
-9 18328 148 1470
-8 21102 170 1694
-7 24490 198 1986
-6 27938 232 2304
-5 32008 273 2590
-4 36793 313 3057
-3 42853 361 3291
-2 47121 405 3446
-1 52763 456 3873
0 57999 513 4420
