-47 1 0
-46 1 0
-45 1 0
-44 2 0
-43 5 0
-42 18 0
-41 24 0
-40 35 0 1
-39 46 0 1
-38 48 0 1
-37 57 0 1
-36 72 0 1
-35 89 0 1
-34 103 0 2
-33 135 1 2
-32 171 1 2
-31 222 2 2
-30 249 3 3
-29 303 3 15
-28 384 4 15
-27 457 7 15
-26 528 8 42
-25 659 10 42
-24 741 13 54
-23 785 16 54
-22 900 23 54
-21 1060 28 54
-20 1171 31 54
-19 1476 39 54
-18 1624 44 54
-17 1908 51 54
-16 2200 58 178
-15 2447 61 178
-14 2666 65 178
-13 2867 66 178
-12 3105 71 178
-11 3380 74 178
-10 3630 80 400
-9 4054 85 400
-8 4465 94 400
-7 4873 99 400
-6 5318 103 443
-5 5690 110 534
-4 5994 117 637
-3 6318 122 753
-2 6630 125 870
-1 6890 130 977
0 7114 134 1025
