-78 1
-77 3
-76 3
-75 4
-74 5
-73 7
-72 10
-71 13
-70 16
-69 18
-66 24 1
-65 28 1
-64 30 1
-63 33 2
-62 40 2
-61 43 6
-60 45 7
-59 47 9
-58 50 15
-57 58 15
-56 67 17
-55 72 18
-54 75 19
-53 77 24
-52 81 29
-51 84 34
-50 85 37
-49 86 47
-48 89 49
-47 89 51
-46 90 53
-45 91 58
-44 93 62
-43 96 66
-42 98 69
-41 102 72
-40 106 74
-39 108 78
-38 110 78
-37 112 79
-36 117 81
-35 130 82
-34 138 90
-33 150 90
-32 160 93
-31 166 93
-30 178 96
-29 187 96
-28 200 97
-27 212 105
-26 226 105
-25 243 109
-24 266 114
-23 313 117
-22 345 124
-21 385 131
-20 432 2 140
-19 455 2 144
-18 509 2 152
-17 558 2 155
-16 631 2 160
-15 683 2 172
-14 732 2 183
-13 802 2 198
-12 844 3 212
-11 879 3 228
-10 926 3 240
-9 1000 3 245
-8 1049 4 266
-7 1114 5 282
-6 1189 6 297
-5 1309 6 320
-4 1375 6 344
-3 1481 6 377
-2 1623 6 406
-1 1910 6 460
0 2108 7 492
