-50 3 0
-49 5 0
-48 7 0
-47 7 0
-46 10 0
-45 21 0
-44 32 0
-43 44 0
-42 61 0
-41 72 0
-40 97 0
-39 105 0
-38 123 0
-37 137 0
-36 178 0
-35 185 0
-34 204 0
-33 216 0
-32 226 0 2
-31 269 0 2
-30 292 0 2
-29 314 0 2
-28 336 0 2
-27 363 1 3
-26 400 1 3
-25 426 1 5
-24 450 1 8
-23 471 1 8
-22 485 1 8
-21 534 1 8
-20 581 2 13
-19 682 2 16
-18 701 2 16
-17 715 2 23
-16 728 2 23
-15 742 2 23
-14 769 2 107
-13 835 2 113
-12 863 2 151
-11 977 8 167
-10 1049 9 175
-9 1089 11 213
-8 1161 12 229
-7 1173 13 251
-6 1199 14 258
-5 1244 14 284
-4 1325 15 288
-3 1360 17 355
-2 1373 17 386
-1 1379 18 394
