-49 1 0 0
-48 6 0 0
-47 8 0 0
-46 12 0 0
-45 16 0 0
-44 25 0 0
-43 34 0 0
-42 57 0 0
-41 96 0 0
-40 131 0 0
-39 179 1 0
-38 215 1 0
-37 250 1 0
-36 277 1 0
-35 287 1 3
-34 319 1 6
-33 342 1 18
-32 368 1 26
-31 406 2 28
-30 440 3 32
-29 476 4 35
-28 526 5 37
-27 562 7 42
-26 632 9 48
-25 684 9 54
-24 730 11 54
-23 756 11 57
-22 802 15 64
-21 841 17 73
-20 897 18 78
-19 934 20 83
-18 977 22 93
-17 997 28 98
-16 1020 30 102
-15 1055 36 115
-14 1091 40 120
-13 1124 43 128
-12 1160 45 137
-11 1188 50 148
-10 1205 53 150
-9 1212 55 152
-8 1220 56 152
-7 1248 61 165
-6 1269 61 174
-5 1305 66 183
-4 1318 70 191
-3 1331 74 193
-2 1336 77 194
-1 1345 77 201
0 1354 79 209
