-62 1 -1
-53 2 -1
-49 3 1
-38 4 1
-37 10 1
-36 14 1
-35 26 1
-34 34 1
-33 59 1
-32 85 1
-31 121 1
-30 166 2
-29 228 2
-28 282 3
-27 401 8
-26 525 10
-25 674 17
-24 1231 30
-23 1695 36
-22 2277 55
-21 3146 86
-20 5232 133
-19 6391 196
-18 7988 294
-17 9942 342
-16 11826 533
-15 14769 638
-14 18077 833
-13 21571 1093
-12 25496 1381
-11 29909 1813
-10 35480 2342
-9 42058 2994
-8 50105 3650
-7 57786 4368
-6 65719 5138
-5 73232 5982
-4 80110 6803
-3 87956 7716
-2 95923 8464
-1 104118 9387
0 110409 10106
