-78 1 0
-56 2 0
-55 3 0
-54 11 0
-53 14 0
-52 14 0
-51 19 0
-50 32 0
-49 62 0
-48 87 0
-47 146 0
-46 179 0
-45 225 0
-44 326 0
-43 424 0
-42 620 1
-41 771 1
-40 923 2
-39 994 3
-38 1063 5
-37 1146 7
-36 1265 8
-35 1410 14
-34 1553 21
-33 1733 31
-32 1867 38
-31 1984 50
-30 2166 61
-29 2396 81
-28 2710 106
-27 2996 135
-26 3362 167
-25 3662 202
-24 3943 241
-23 4358 285
-22 4833 330
-21 5319 382
-20 5874 449
-19 6476 530
-18 6833 599
-17 7174 681
-16 7564 771
-15 8302 852
-14 8958 958
-13 9602 1037
-12 10057 1115
-11 10451 1199
-10 10914 1285
-9 11351 1357
-8 11831 1424
-7 12435 1501
-6 13058 1579
-5 13746 1628
-4 14277 1679
-3 14666 1722
-2 15128 1743
-1 15322 1765
