-82 1 -1
-78 2 -1
-73 4 -1
-72 4 -1
-71 5 -1
-70 6 -1
-69 8 5
-68 8 5
-67 14 5
-66 14 5
-65 14 6
-64 19 7
-63 19 7
-62 19 8
-61 19 8
-60 19 9
-59 25 9
-55 32 10
-54 32 10
-53 33 10
-52 33 10
-51 33 12
-48 34 15
-47 35 15
-44 35 17
-43 35 19
-42 35 20
-41 35 21
-40 35 21
-39 37 22
-38 40 24
-37 40 24
-36 40 28
-35 40 28
-34 42 1
-33 43 1
-30 47 1
-29 48 1
-28 50 1
-27 50 1
-26 50 1
-25 53 1
-24 59 1
-23 70 1
-22 75 1
-21 82 1
-20 114 1
-19 147 1
-18 177 1
-17 212 1
-16 272 1
-15 322 1
-14 411 1
-13 599 1
-12 721 1
-11 827 4
-10 934 4
-9 1045 4
-8 1136 5
-7 1245 6
-6 1388 7
-5 1524 9
-4 1651 10
-3 1771 12
-2 1875 15
-1 1978 19
0 2067 20
