-42 1 0
-41 1 0
-40 5 0
-39 6 0
-38 18 1
-37 47 1
-36 98 2
-35 191 3
-34 359 4
-33 670 9
-32 947 21
-31 1236 30
-30 1529 37
-29 1872 44 26
-28 2433 59 26
-27 3629 75 26
-26 5698 92 42
-25 7402 108 70
-24 9217 131 105
-23 10827 168 162
-22 13531 214 243
-21 15679 277 333
-20 18135 356 415
-19 20921 425 484
-18 23934 501 786
-17 27069 574 1042
-16 30217 649 1326
-15 34109 725 1582
-14 38226 812 1846
-13 42282 908 2142
-12 47029 1006 2423
-11 52167 1101 2965
-10 56956 1198 3446
-9 61049 1296 3957
-8 65111 1403 4799
-7 69392 1518 5674
-6 74193 1643 7089
-5 78546 1769 8631
-4 82329 1890 10453
-3 86306 2017 11976
-2 90980 2140 13430
-1 95591 2259 14918
0 98674 2376 16477
