-44 4
-43 6
-42 8
-41 29
-40 50
-39 79
-38 94
-37 110
-36 135
-35 158
-34 162
-33 189
-32 217
-31 238
-30 274
-29 304 1
-28 309 1
-27 320 1 25
-26 338 1 41
-25 350 2 62
-24 369 4 68
-23 386 4 86
-22 400 5 93
-21 406 6 104
-20 415 6 123
-19 424 7 150
-18 456 7 192
-17 473 7 206
-16 494 7 214
-15 501 7 224
-14 480 7 224
-13 483 8 248
-12 492 8 260
-11 493 9 272
-10 502 9 286
-9 508 9 294
-8 517 9 298
-7 528 10 298
-6 535 10 313
-5 543 12 324
-4 549 12 337
-3 557 12 354
-2 563 12 369
-1 596 14 370
