-43 10 0
-42 17 0
-41 33 0
-40 36 0
-39 36 0
-38 42 0
-36 70 0 15
-35 77 0 15
-34 84 0 15
-33 91 0 15
-32 106 0 15
-31 107 1 31
-30 113 2 39
-29 119 2 39
-28 129 3 39
-27 135 3 39
-26 143 3 41
-25 144 3 43
-24 146 5 43
-23 153 7 52
-22 155 7 52
-21 159 7 52
-20 165 7 65
-19 166 7 65
-18 167 9 65
-17 171 9 84
-16 175 9 84
-15 175 9 93
-14 181 9 93
-13 189 9 110
-12 193 9 111
-11 197 9 111
-10 204 9 111
-9 227 9 113
-8 227 9 117
-7 256 9 117
-6 285 10 117
-5 288 10 122
-4 298 10 122
-3 311 10 126
-2 318 10 128
-1 323 10 132
