-76 2
-71 2 1
-68 5 1
-67 6 1
-66 7 1
-65 8 2
-64 10 3
-63 10 3
-62 12 3
-61 13 3
-60 13 3
-59 14 3
-58 14 6
-57 15 6
-56 15 7
-55 16 7
-50 16 11
-49 16 14
-48 16 15
-42 16 16
-33 17 16
-32 20 16
-31 30 16
-30 31 16
-29 34 16
-28 38 16
-27 44 16
-26 47 16
-25 53 16
-24 57 16
-23 61 16
-22 66 16
-21 76 16
-20 85 16
-19 91 17
-18 94 17
-17 113 17
-16 123 17
-15 134 17
-14 141 17
-13 153 17
-12 163 20
-11 174 21
-10 188 25
-9 203 55
-8 207 58
-7 218 63
-6 227 75
-5 237 85
-4 240 90
-3 241 91
-2 245 95
-1 249 122
0 251 126
