2020-02-04 1  
2020-03-01 2  1
2020-03-02 8  1
2020-03-03 13  1
2020-03-04 23  1
2020-03-05 50  1
2020-03-06 109  1
2020-03-07 169  1
2020-03-08 200  1
2020-03-09 239  1
2020-03-10 267 1 1
2020-03-11 314 3 1
2020-03-12 399 3 1
2020-03-13 559 3 1
2020-03-14 689 4 1
2020-03-15 886 4 1
2020-03-16 1058 5 1
2020-03-17 1243 10 15
2020-03-18 1486 14 31
2020-03-19 1795 21 155
2020-03-20 2257 37 204
2020-03-21 2815 67 263
2020-03-22 3401 75 340
2020-03-23 3743 88 350
2020-03-24 4269 122 410
2020-03-25 4937 178 547
2020-03-26 6235 220 675
