2020-03-02 2 0 0
2020-03-03 4 0 0
2020-03-04 6 0 0
2020-03-05 9 0 0
2020-03-06 13 0 0
2020-03-07 21 0 0
2020-03-08 30 0 0
2020-03-09 39 0 0
2020-03-10 41 0 0
2020-03-11 59 0 0
2020-03-12 78 0 1
2020-03-13 112 0 1
2020-03-14 169 0 1
2020-03-15 245 0 2
2020-03-16 331 1 3
2020-03-17 448 1 3
2020-03-18 642 2 3
2020-03-19 785 3 3
2020-03-20 1020 6 5
2020-03-21 1280 12 5
2020-03-22 1600 14 5
2020-03-23 2060 23 14
2020-03-24 2362 33 22
2020-03-25 2995 43 22
2020-03-26 3544 60 43
2020-03-day total deaths recovered
