2020-03-03 1 0 
2020-03-05 2 0 
2020-03-06 8 0 
2020-03-07 9 1 
2020-03-08 12 1 
2020-03-09 17 1 
2020-03-10 19 1 
2020-03-11 21 1 
2020-03-12 31 1 
2020-03-13 34 2 1
2020-03-14 45 2 4
2020-03-15 56 2 5
2020-03-16 65 2 5
2020-03-17 79 2 12
2020-03-18 97 2 12
2020-03-19 128 3 16
2020-03-20 158 3 22
2020-03-21 225 4 27
2020-03-22 266 4 38
2020-03-23 301 4 51
2020-03-24 387 6 52
2020-03-25 502 8 63
2020-03-26 589 12 72
2020-03-27 690 17 76
2020-03-28 745 19 80
2020-03-29 820 20 91
2020-03-30 966 24 228
2020-03-31 1054 27 240
2020-04-01 1133 31 248
2020-04-02 1265 36 256
2020-04-03 1353 42 266
2020-04-04 1451 43 279
2020-04-05 1554 46 280
