2020-01-25 4  
2020-01-26 4  
2020-01-27 5  
2020-01-28 5  
2020-01-29 7  
2020-01-30 9  
2020-01-31 9  
2020-02-01 10  
2020-02-02 12  
2020-02-03 12  
2020-02-04 13  
2020-02-05 14  
2020-02-06 15  
2020-02-20 17  10
2020-02-21 21  10
2020-02-25 22  15
2020-02-28 25  15
2020-02-29 26  15
2020-03-01 29 1 15
2020-03-02 33 1 21
2020-03-03 40 1 21
2020-03-04 51 2 21
2020-03-05 59 2 21
2020-03-06 63 2 22
2020-03-07 73 2 22
2020-03-08 78 3 22
2020-03-09 91 3 22
2020-03-10 112 3 22
2020-03-11 128 3 24
2020-03-12 156 3 24
2020-03-13 198 3 27
2020-03-14 248 3 27
2020-03-15 298 5 27
2020-03-16 376 5 27
2020-03-17 453 5 27
2020-03-18 566 6 43
2020-03-19 708 6 46
2020-03-20 875 7 46
2020-03-21 1071 7 46
2020-03-22 1352 7 46
2020-03-23 1716 7 92
2020-03-24 2146 8 135
2020-03-25 2431 9 155
2020-03-26 2805 13 176
2020-03-27 3179 13 215
2020-03-28 3637 14 238
2020-03-29 3985 16 241
2020-03-30 4250 18 241
2020-03-31 4560 19 242
