2020-02-29 5  
2020-03-01 10  
2020-03-02 10  
2020-03-03 18  
2020-03-04 29  
2020-03-05 41  
2020-03-06 55  
2020-03-07 79  
2020-03-08 97  2
2020-03-09 129  2
2020-03-10 178  4
2020-03-11 242  4
2020-03-12 356 1 4
2020-03-13 498 1 6
2020-03-14 648 1 6
2020-03-15 853 1 6
2020-03-16 1004 3 6
2020-03-17 1320 3 9
2020-03-18 1633 4 9
2020-03-19 1999 6 9
2020-03-20 2373 6 9
2020-03-21 2797 8 9
2020-03-22 3219 16 9
2020-03-23 3894 21 9
2020-03-24 4848 28 0
2020-03-25 5529 31 0
2020-03-26 6349 49 0
2020-03-27 7341 58 0
2020-03-28 7927 68 0
2020-03-29 8536 86 479
2020-03-30 9377 108 636
2020-03-31 9974 128 1095
2020-04-01 10482 146 1436
2020-04-02 10967 158 1749
2020-04-03 11383 168 2022
2020-04-04 11665 186 2507
2020-04-05 11907 204 2998
2020-04-06 12206 220 3463
2020-04-07 12519 243 4046
2020-04-08 12852 273 4512
