2020-03-10 2 0 
2020-03-11 2 0 
2020-03-12 3 0 
2020-03-13 10 0 
2020-03-14 10 0 
2020-03-15 11 0 
2020-03-16 11 0 
2020-03-17 12 0 
2020-03-18 12 0 
2020-03-19 16 0 
2020-03-20 19 0 
2020-03-21 20 0 
2020-03-22 27 0 
2020-03-23 28 0 
2020-03-24 32 0 
2020-03-25 39 0 
2020-03-26 61 0 
2020-03-27 74 0 
2020-03-28 81 0 
2020-03-29 96 3 
2020-03-30 107 6 
2020-03-31 115 7 
2020-04-01 123 8 1
2020-04-02 132 9 1
2020-04-03 139 10 1
2020-04-04 157 10 2
2020-04-05 183 11 2
2020-04-06 194 14 2
2020-04-07 210 15 2
2020-04-08 264 18 2
2020-04-09 268 19 2
2020-04-10 275 20 2
2020-04-11 300 24 2
2020-04-12 330 27 2
2020-04-13 354 28 6
2020-04-14 397 28 7
2020-04-15 441 29 14
2020-04-16 465 31 26
2020-04-17 493 31 31
2020-04-18 520 32 31
2020-04-19 564 33 31
2020-04-20 598 34 37
2020-04-21 609 37 44
2020-04-22 672 40 44
2020-04-23 703 43 54
2020-04-24 807 44 63
2020-04-25 866 46 74
2020-04-26 950 50 80
