2020-02-26 1 0 
2020-02-29 2 0 
2020-03-04 4 0 
2020-03-05 8 0 
2020-03-06 14 0 
2020-03-07 19 0 
2020-03-08 25 0 
2020-03-09 30 0 
2020-03-10 34 0 
2020-03-11 52 0 1
2020-03-12 76 0 1
2020-03-13 98 0 1
2020-03-14 121 0 1
2020-03-15 200 0 1
2020-03-16 234 0 1
2020-03-17 291 1 1
2020-03-18 428 4 1
2020-03-19 621 7 1
2020-03-20 964 11 1
2020-03-21 1178 18 2
2020-03-22 1546 25 2
2020-03-23 1891 34 2
2020-03-24 2201 46 6
2020-03-25 2433 57 6
2020-03-26 2915 77 6
2020-03-27 3417 92 6
2020-03-28 3904 114 6
2020-03-29 4256 136 6
2020-03-30 4579 159 6
2020-03-31 5717 201 127
2020-04-01 6836 240 127
2020-04-02 7910 299 127
2020-04-03 9056 359 127
2020-04-04 10278 431 127
2020-04-05 11130 486 127
2020-04-06 12056 553 127
2020-04-07 13717 667 127
2020-04-08 15927 800 127
2020-04-09 17857 941 127
2020-04-10 19638 1056 127
2020-04-11 20727 1124 127
2020-04-12 22169 1223 127
2020-04-13 23430 1328 127
2020-04-14 25262 1532 14026
2020-04-15 28320 1736 14026
2020-04-16 30425 1924 14026
2020-04-17 33682 2141 14026
2020-04-18 36599 2347 14026
2020-04-19 38654 2462 22130
2020-04-20 40581 2575 22130
2020-04-21 43079 2629 22991
2020-04-22 45757 2906 22991
2020-04-23 49492 3313 26573
2020-04-24 52995 3670 26573
2020-04-25 58509 4016 26573
2020-04-26 61888 4205 26573
