2020-01-27 1  
2020-02-04 4  
2020-02-05 5  
2020-02-06 5  
2020-02-07 7  
2020-02-17 8  1
2020-02-21 9  4
2020-02-24 10  4
2020-02-25 11  7
2020-02-26 11  7
2020-02-27 13  7
2020-02-28 14  7
2020-02-29 20  7
2020-03-01 24  7
2020-03-02 27  7
2020-03-03 30  7
2020-03-04 34  7
2020-03-05 47  8
2020-03-06 54  8
2020-03-07 60  8
2020-03-08 67 1 8
2020-03-09 78 1 8
2020-03-10 96 1 8
2020-03-11 117 1 9
2020-03-12 157 1 11
2020-03-13 196 1 11
2020-03-14 250 1 11
2020-03-15 324 1 11
2020-03-16 425 4 11
2020-03-17 569 8 11
2020-03-18 690 9 11
2020-03-19 846 12 11
2020-03-20 1055 13 15
2020-03-21 1281 18 16
2020-03-22 1429 20 18
2020-03-23 2061 24 112
2020-03-24 2751 27 185
2020-03-25 3385 35 197
2020-03-26 4018 39 228
2020-03-27 4743 55 353
2020-03-28 5652 61 500
2020-03-29 6240 66 508
2020-03-30 7442 89 1093
2020-03-31 7708 89 1093
