2020-03-03 1 0 
2020-03-04 3 0 
2020-03-05 4 0 
2020-03-06 5 0 
2020-03-07 6 0 
2020-03-08 9 0 
2020-03-09 12 0 
2020-03-10 18 0 
2020-03-11 23 0 
2020-03-12 34 0 
2020-03-13 43 0 
2020-03-14 61 0 
2020-03-15 75 0 
2020-03-16 156 0 
2020-03-17 201 0 1
2020-03-18 238 0 3
2020-03-19 342 0 5
2020-03-20 434 0 6
2020-03-21 537 1 8
2020-03-22 632 1 8
2020-03-23 746 2 11
2020-03-24 922 2 17
2020-03-25 1142 3 22
2020-03-26 1306 4 33
2020-03-27 1610 5 43
2020-03-28 1909 6 61
2020-03-29 2139 7 75
2020-03-30 2449 8 156
2020-03-31 2738 12 201
2020-04-01 3031 16 234
2020-04-02 3404 18 335
2020-04-03 3737 22 427
2020-04-04 4161 27 528
2020-04-05 4471 34 598
2020-04-06 4815 37 728
2020-04-07 5116 43 898
2020-04-08 5546 48 1115
2020-04-09 5972 57 1274
2020-04-10 6501 65 1571
2020-04-11 6927 73 1864
2020-04-12 7213 80 2059
2020-04-13 7525 82 2367
2020-04-14 7917 92 2646
2020-04-15 8273 94 2937
2020-04-16 8807 105 3299
2020-04-17 9252 116 3621
2020-04-18 9730 126 4035
2020-04-19 10088 133 4338
2020-04-20 10507 139 4476
2020-04-21 10832 147 4969
2020-04-22 11296 160 5386
2020-04-23 11812 168 5804
2020-04-24 12306 174 6327
2020-04-25 12858 181 6746
2020-04-26 13331 189 7024
