2020-03-06 1 0 
2020-03-09 3 0 
2020-03-11 9 0 
2020-03-12 13 0 
2020-03-13 16 0 
2020-03-14 24 0 
2020-03-15 45 0 
2020-03-16 57 1 
2020-03-17 75 1 
2020-03-18 102 1 
2020-03-19 128 1 
2020-03-20 175 1 
2020-03-21 210 1 3
2020-03-22 235 2 3
2020-03-23 306 3 6
2020-03-24 378 3 6
2020-03-25 470 4 8
2020-03-26 491 6 8
2020-03-27 539 6 10
2020-03-28 608 6 10
2020-03-29 702 10 10
2020-03-30 798 14 15
2020-03-31 906 16 31
2020-04-01 1065 17 39
2020-04-02 1161 19 55
2020-04-03 1267 25 55
2020-04-04 1406 32 85
2020-04-05 1485 35 88
2020-04-06 1579 46 88
2020-04-07 1780 50 100
2020-04-08 2054 54 123
