2020-02-25 1 0 
2020-02-26 3 0 
2020-02-27 3 0 
2020-02-28 5 0 
2020-02-29 7 0 
2020-03-01 7 0 
2020-03-02 8 0 
2020-03-03 9 0 
2020-03-04 9 0 
2020-03-05 10 0 
2020-03-06 11 0 
2020-03-07 12 0 
2020-03-08 12 0 
2020-03-09 13 0 
2020-03-10 15 0 
2020-03-11 19 0 
2020-03-12 27 0 1
2020-03-13 32 0 1
2020-03-14 39 0 2
2020-03-15 49 0 2
2020-03-16 56 0 4
2020-03-17 69 0 5
2020-03-18 89 1 5
2020-03-19 105 1 5
2020-03-20 128 1 5
2020-03-21 206 1 5
2020-03-22 254 1 5
2020-03-23 315 1 5
2020-03-24 382 1 16
2020-03-25 442 1 22
2020-03-26 495 2 22
2020-03-27 586 3 37
2020-03-28 657 5 49
2020-03-29 713 6 52
2020-03-30 790 6 64
2020-03-31 867 6 67
2020-04-01 963 6 73
2020-04-02 1011 7 88
2020-04-03 1079 8 92
2020-04-04 1126 12 119
2020-04-05 1182 15 125
2020-04-06 1222 16 130
2020-04-07 1282 18 167
2020-04-08 1343 19 179
2020-04-09 1407 20 219
2020-04-10 1495 21 231
2020-04-11 1534 21 323
2020-04-12 1600 23 373
2020-04-13 1650 25 400
2020-04-14 1704 31 415
2020-04-15 1741 33 473
2020-04-16 1791 35 529
2020-04-17 1814 36 600
2020-04-18 1832 39 615
2020-04-19 1871 47 709
2020-04-20 1881 47 771
2020-04-21 1908 48 801
2020-04-22 1950 48 869
2020-04-23 1981 50 883
2020-04-24 2009 51 982
2020-04-25 2016 54 1034
2020-04-26 2030 55 1103
