2020-03-01 3 0 
2020-03-02 3 0 
2020-03-03 5 0 
2020-03-04 5 0 
2020-03-05 8 0 
2020-03-06 19 0 
2020-03-07 26 0 
2020-03-08 32 0 
2020-03-09 38 0 
2020-03-10 63 0 
2020-03-11 94 0 
2020-03-12 116 0 
2020-03-13 141 0 
2020-03-14 189 0 
2020-03-15 298 0 
2020-03-16 383 0 3
2020-03-17 450 0 3
2020-03-18 560 0 3
2020-03-19 765 0 3
2020-03-20 889 0 4
2020-03-21 1047 0 6
2020-03-22 1161 1 6
2020-03-23 1287 1 7
2020-03-24 1472 3 10
2020-03-25 1763 9 10
2020-03-26 2022 10 10
2020-03-27 2395 12 11
2020-03-28 2657 17 11
2020-03-29 2817 23 11
2020-03-30 3001 29 25
2020-03-31 3308 36 45
2020-04-01 3589 44 61
2020-04-02 3858 49 71
2020-04-03 4190 58 74
2020-04-04 4472 66 78
2020-04-05 4587 79 96
2020-04-06 4822 86 127
2020-04-07 5017 96 172
2020-04-08 5312 111 233
2020-04-09 5569 122 301
2020-04-10 5732 132 346
2020-04-11 5902 142 411
2020-04-12 5991 152 464
2020-04-13 6059 163 519
2020-04-14 6141 171 642
2020-04-15 6301 171 819
2020-04-16 6433 174 972
2020-04-17 6549 181 1174
2020-04-18 6654 185 1227
2020-04-19 6746 193 1298
2020-04-20 6900 199 1559
2020-04-21 7033 207 1753
