2020-02-29 1  
2020-03-01 6  
2020-03-03 11  
2020-03-04 14  
2020-03-08 15  
2020-03-10 17  
2020-03-13 23 1 
2020-03-14 28 2 
2020-03-15 37 2 
2020-03-16 58 2 
2020-03-17 111 2 
2020-03-18 155 2 
2020-03-19 260 4 3
2020-03-20 367 5 3
2020-03-21 532 7 3
2020-03-22 789 14 3
2020-03-23 981 18 3
2020-03-24 1082 27 3
2020-03-25 1211 27 3
2020-03-26 1403 34 3
2020-03-27 1627 41 3
2020-03-28 1835 48 3
2020-03-29 1924 58 3
2020-03-30 1966 62 54
2020-03-31 2302 79 58
2020-04-01 2758 98 58
2020-04-02 3163 120 65
2020-04-03 3368 145 71
2020-04-04 3465 170 100
2020-04-05 3646 180 100
2020-04-06 3747 191 100
2020-04-07 3995 220 140
2020-04-08 4450 242 140
2020-04-09 4965 272 339
2020-04-10 7161 297 368
