2020-02-27 1 0 0
2020-03-02 2 0 0
2020-03-03 3 0 0
2020-03-04 3 0 0
2020-03-05 5 0 0
2020-03-06 10 0 0
2020-03-10 13 0 0
2020-03-11 17 0 0
2020-03-12 41 0 0
2020-03-13 79 0 0
2020-03-14 115 0 1
2020-03-15 171 0 1
2020-03-16 205 0 1
2020-03-17 225 0 1
2020-03-18 258 0 1
2020-03-19 267 0 1
2020-03-20 283 0 1
2020-03-21 306 0 2
2020-03-22 326 0 4
2020-03-23 352 0 4
2020-03-24 369 0 8
2020-03-25 404 1 8
2020-03-26 538 1 8
2020-03-27 575 1 11
2020-03-28 640 1 20
2020-03-29 679 3 20
2020-03-30 715 3 22
2020-03-31 745 4 26
