2020-01-29 1 0 
2020-02-12 1 0 1
2020-02-25 2 0 
2020-02-27 3 0 
2020-02-28 5 0 
2020-02-29 6 0 
2020-03-01 7 0 
2020-03-02 7 0 
2020-03-03 11 0 
2020-03-04 16 0 
2020-03-05 17 0 
2020-03-06 22 0 
2020-03-07 29 0 
2020-03-08 38 0 
2020-03-09 54 0 
2020-03-10 108 0 2
2020-03-11 181 0 2
2020-03-12 238 0 2
2020-03-13 266 0 2
2020-03-14 292 0 10
2020-03-15 339 0 10
2020-03-16 384 0 10
2020-03-17 425 0 10
2020-03-18 511 0 10
2020-03-19 603 0 10
2020-03-20 685 0 10
2020-03-21 767 1 10
2020-03-22 845 1 10
2020-03-23 927 1 10
2020-03-24 1027 1 10
2020-03-25 1126 3 10
2020-03-26 1230 4 10
2020-03-27 1319 7 10
2020-03-28 1393 9 10
2020-03-29 1451 11 10
2020-03-30 1567 13 10
2020-03-31 1684 17 10
2020-04-01 1829 17 10
2020-04-02 1983 19 300
2020-04-03 2181 20 300
2020-04-04 2255 25 300
2020-04-05 2361 28 300
2020-04-06 2569 27 300
2020-04-07 2767 34 300
2020-04-08 2894 40 300
2020-04-09 3040 42 300
2020-04-10 3104 48 300
2020-04-11 3179 49 300
2020-04-12 3258 56 300
2020-04-13 3363 59 300
2020-04-14 3512 64 300
2020-04-15 3630 72 300
2020-04-16 3726 75 1700
2020-04-17 3848 82 1700
2020-04-18 3902 90 1700
2020-04-19 3961 94 1700
2020-04-20 4093 98 2000
2020-04-21 4129 141 2000
