2020-02-25 13 1 11
2020-02-26 18 2 11
2020-02-27 38 2 11
2020-02-28 57 2 11
2020-02-29 100 2 12
2020-03-01 130 3 12
2020-03-02 191 3 12
2020-03-03 212 4 12
2020-03-04 285 4 12
2020-03-05 423 7 12
2020-03-06 613 9 12
2020-03-07 949 16 12
2020-03-08 1126 19 12
2020-03-09 1412 25 12
2020-03-10 1784 33 12
2020-03-11 2281 48 12
2020-03-12 2876 61 12
2020-03-13 3661 79 12
2020-03-14 4499 91 12
2020-03-15 5423 127 12
2020-03-16 6633 148 12
2020-03-17 7730 175 602
2020-03-18 9134 244 1000
2020-03-19 10995 375 1300
2020-03-20 12612 450 1587
2020-03-21 14459 562 1587
2020-03-22 16689 674 2200
2020-03-23 19856 860 2200
2020-03-24 22302 1100 3281
2020-03-25 25233 1331 3900
2020-03-26 29155 1696 4948
2020-03-27 32964 1995 5700
2020-03-28 37575 2314 6624
2020-03-29 40174 2606 7132
2020-03-30 44550 3024 7923
