2020-02-26 1 0 
2020-02-27 3 0 
2020-02-28 4 0 
2020-02-29 7 0 
2020-03-01 7 0 
2020-03-02 7 0 
2020-03-03 7 0 
2020-03-04 9 0 
2020-03-05 31 0 
2020-03-06 45 0 
2020-03-07 66 0 
2020-03-08 73 0 
2020-03-09 84 0 
2020-03-10 89 0 
2020-03-11 99 0 
2020-03-12 117 1 2
2020-03-13 190 1 2
2020-03-14 228 3 8
2020-03-15 331 4 8
2020-03-16 352 4 10
2020-03-17 387 5 14
2020-03-18 418 5 14
2020-03-19 464 6 19
2020-03-20 495 10 19
2020-03-21 530 13 19
2020-03-22 624 15 19
2020-03-23 695 17 29
2020-03-24 743 20 32
2020-03-25 821 22 38
2020-03-26 892 26 42
2020-03-27 966 28 52
2020-03-28 1061 32 52
2020-03-29 1156 38 53
2020-03-30 1212 43 53
2020-03-31 1314 49 53
2020-04-01 1415 50 53
2020-04-02 1544 53 53
2020-04-03 1613 59 53
2020-04-04 1673 68 53
2020-04-05 1735 73 53
2020-04-06 1755 79 269
2020-04-07 1832 81 269
2020-04-08 1884 83 269
2020-04-09 1955 86 269
2020-04-10 2009 90 269
2020-04-11 2081 93 269
2020-04-12 2114 98 269
2020-04-13 2145 99 269
2020-04-14 2170 101 269
2020-04-15 2192 102 269
2020-04-16 2207 105 269
2020-04-17 2224 108 269
2020-04-18 2235 110 269
2020-04-19 2235 113 269
2020-04-20 2245 116 269
2020-04-21 2401 121 269
2020-04-22 2408 121 269
2020-04-23 2463 125 269
2020-04-24 2490 130 269
2020-04-25 2506 130 269
2020-04-26 2517 134 269
