2020-03-05 3 0 
2020-03-06 4 0 
2020-03-07 7 0 
2020-03-08 9 0 
2020-03-09 12 0 
2020-03-10 12 0 
2020-03-11 13 0 
2020-03-12 16 0 1
2020-03-13 19 0 1
2020-03-14 30 0 1
2020-03-15 32 1 1
2020-03-16 39 1 2
2020-03-17 50 1 2
2020-03-18 58 1 2
2020-03-19 73 1 2
2020-03-20 85 4 7
2020-03-21 103 4 7
2020-03-22 131 6 16
2020-03-23 167 8 21
2020-03-24 187 9 21
2020-03-25 226 10 21
2020-03-26 261 10 28
2020-03-27 300 10 34
2020-03-28 343 11 34
2020-03-29 408 13 34
2020-03-30 447 15 34
2020-03-31 492 16 37
2020-04-01 525 20 40
2020-04-02 585 21 42
2020-04-03 623 26 43
2020-04-04 678 32 58
2020-04-05 733 34 66
2020-04-06 744 38 67
2020-04-07 817 47 71
2020-04-08 895 58 94
2020-04-09 980 66 96
2020-04-10 1190 77 112
2020-04-11 1310 85 115
2020-04-12 1410 99 118
2020-04-13 1458 109 120
2020-04-14 1512 122 122
2020-04-15 1579 134 192
2020-04-16 1652 142 199
2020-04-17 1763 156 207
2020-04-18 1834 172 231
2020-04-19 1916 189 250
2020-04-20 1984 199 267
2020-04-21 2098 213 287
2020-04-22 2168 225 295
2020-04-23 2284 239 390
2020-04-24 2383 250 401
2020-04-25 2443 262 458
2020-04-26 2500 272 485
