2020-02-28 1 0 0
2020-02-29 1 0 0
2020-03-01 3 0 0
2020-03-02 9 0 0
2020-03-03 16 0 0
2020-03-04 26 0 0
2020-03-05 37 0 0
2020-03-06 45 0 0
2020-03-07 50 0 0
2020-03-08 58 0 0
2020-03-09 65 0 0
2020-03-10 81 0 0
2020-03-11 90 0 0
2020-03-12 117 0 0
2020-03-13 138 0 0
2020-03-14 161 0 0
2020-03-15 180 0 0
2020-03-16 199 0 0
2020-03-17 247 1 5
2020-03-18 330 1 9
2020-03-19 409 1 17
2020-03-20 473 1 22
2020-03-21 568 1 36
2020-03-22 588 1 51
2020-03-23 648 2 56
2020-03-24 737 2 68
2020-03-25 802 2 82
2020-03-26 890 2 97
2020-03-27 963 2 114
2020-03-28 1020 2 135
2020-03-29 1086 2 157
2020-03-30 1135 2 198
2020-03-31 1220 2 236
2020-04-01 1319 4 284
