2020-01-30 1 0 0
2020-02-02 2 0 0
2020-02-03 3 0 0
2020-03-02 5 0 3
2020-03-03 6 0 3
2020-03-04 28 0 3
2020-03-05 30 0 3
2020-03-06 31 0 3
2020-03-07 34 0 3
2020-03-08 39 0 3
2020-03-09 44 0 3
2020-03-10 50 0 4
2020-03-11 60 0 4
2020-03-12 73 1 4
2020-03-13 81 2 10
2020-03-14 97 2 10
2020-03-15 107 2 13
2020-03-16 118 2 13
2020-03-17 137 3 14
2020-03-18 151 3 14
2020-03-19 173 3 15
2020-03-20 223 4 23
2020-03-21 283 5 23
2020-03-22 360 7 24
2020-03-23 434 9 24
2020-03-24 519 9 40
2020-03-25 606 10 43
2020-03-26 694 16 45
2020-03-27 834 18 74
2020-03-28 918 20 80
2020-03-29 1024 27 95
2020-03-30 1251 32 102
2020-03-31 1397 35 124
2020-04-01 1834 41 144
2020-04-02 2069 53 156
2020-04-03 2547 62 163
2020-04-04 3072 75 213
2020-04-05 3577 83 275
