2020-03-02 2 0 0
2020-03-06  0 0
2020-03-08 6 0 0
2020-03-09 19 0 0
2020-03-10 27 0 2
2020-03-11 34 1 2
2020-03-12 34 1 5
2020-03-13 69 4 5
2020-03-14 96 5 8
2020-03-15 117 5 8
2020-03-16 134 5 8
2020-03-17 172 7 9
2020-03-18 227 19 11
2020-03-19 308 25 15
2020-03-20 369 32 17
2020-03-21 450 38 20
2020-03-22 514 48 29
2020-03-23 579 49 30
2020-03-24 685 55 30
2020-03-25 790 58 31
2020-03-26 893 78 35
2020-03-27 1046 87 46
2020-03-28 1155 102 59
2020-03-29 1285 114 64
2020-03-30 1414 122 75
2020-03-31 1528 136 81
2020-04-01 1677 157 103
2020-04-02 1790 170 112
2020-04-03 1986 181 134
2020-04-04 2092 191 150
2020-04-05 2273 198 164
2020-04-06 2491 209 192
2020-04-07 2738 221 204
2020-04-08 2956 240 222
2020-04-09 3293 280 252
2020-04-10 3512 306 282
2020-04-11 3842 327 286
2020-04-12 4241 373 359
2020-04-13 4557 399 380
2020-04-14 4839 459 426
2020-04-15 5136 469 446
2020-04-16 5516 496 548
2020-04-17 5923 520 607
2020-04-18 6248 535 631
2020-04-19 6575 582 686
2020-04-20 6760 590 747
2020-04-21 7135 616 842
2020-04-22 7418 635 913
2020-04-23 7775 647 960
2020-04-24 8211 689 1002
2020-04-25 8607 720 1042
2020-04-26 8882 743 1107
