2020-02-19 2 2 
2020-02-20 5 2 
2020-02-21 18 4 
2020-02-22 28 5 
2020-02-23 43 8 1
2020-02-24 64 12 3
2020-02-25 95 15 25
2020-02-26 139 19 25
2020-02-27 245 26 54
2020-02-28 388 34 73
2020-02-29 593 43 123
2020-03-01 978 54 175
2020-03-02 1501 66 291
2020-03-03 2336 77 435
2020-03-04 2922 92 552
2020-03-05 3513 107 739
2020-03-06 4747 124 913
2020-03-07 5823 145 1669
2020-03-08 6566 194 2134
2020-03-09 7161 237 2394
2020-03-10 8042 291 2731
2020-03-11 9000 354 2959
2020-03-12 10075 429 3276
2020-03-13 11364 514 3529
2020-03-14 12729 611 4339
2020-03-15 13938 724 4590
2020-03-16 14991 853 4996
2020-03-17 16169 988 5389
2020-03-18 17361 1135 5710
2020-03-19 18407 1284 5979
2020-03-20 19644 1433 6745
2020-03-21 20610 1556 7635
2020-03-22 21638 1685 7931
2020-03-23 23049 1812 8376
2020-03-24 24811 1934 9001
2020-03-25 27077 2077 9625
2020-03-26 29406 2234 10457
2020-03-27 32332 2378 11133
2020-03-28 35408 2517 11679
2020-03-29 38309 2640 12391
