2020-02-24 1  
2020-03-01 8  
2020-03-03 9 1 
2020-03-04 32 2 1
2020-03-09 67 7 1
2020-03-10 71 9 16
2020-03-11 71 10 16
2020-03-12 79 10 16
2020-03-14 110 10 26
2020-03-15 124 10 26
2020-03-16 133 10 32
2020-03-17 154 11 41
2020-03-18 164 12 41
2020-03-19 192 13 49
2020-03-20 208 17 49
2020-03-21 214 17 52
2020-03-22 233 20 57
2020-03-23 266 23 62
2020-03-24 316 27 75
2020-03-25 346 29 89
2020-03-26 382 36 105
2020-03-27 458 40 122
2020-03-28 506 42 131
2020-03-29 547 42 143
2020-03-30 630 46 152
2020-03-31 695 50 170
2020-04-01 728 52 182
2020-04-02 772 54 202
2020-04-03 820 54 226
2020-04-04 878 56 259
2020-04-05 961 61 279
2020-04-06 1031 64 344
2020-04-07 1122 65 373
2020-04-08 1202 69 452
