2020-02-21 2 0 0
2020-02-22 2 0 0
2020-02-23 2 0 0
2020-02-24 2 0 0
2020-02-25 2 0 0
2020-02-26 3 0 0
2020-02-27 5 0 0
2020-02-28 7 0 0
2020-02-29 10 0 0
2020-03-01 12 0 0
2020-03-02 12 0 0
2020-03-03 15 0 2
2020-03-04 16 0 3
2020-03-05 20 0 3
2020-03-06 22 0 3
2020-03-07 37 0 3
2020-03-08 39 0 3
2020-03-09 59 0 3
2020-03-10 77 0 3
2020-03-11 99 0 3
2020-03-12 130 0 3
2020-03-13 164 0 4
2020-03-14 200 0 4
2020-03-15 253 0 4
2020-03-16 318 0 4
2020-03-17 421 0 11
2020-03-18 524 0 12
2020-03-19 677 0 14
2020-03-20 838 1 15
2020-03-21 943 1 36
2020-03-22 1207 1 37
2020-03-23 1552 1 41
2020-03-24 2000 3 53
2020-03-25 2463 5 64
2020-03-26 3011 8 70
2020-03-27 3404 12 79
2020-03-28 3824 12 89
2020-03-29 4316 15 132
2020-03-30 4782 16 161
2020-03-31 5523 20 224
2020-04-01 6186 25 226
2020-04-02 6857 34 338
