2020-01-17 1 0 
2020-01-18 1 0 
2020-01-19 1 0 
2020-01-20 1 0 
2020-01-21 1 0 
2020-01-22 1 0 
2020-01-23 1 0 
2020-01-24 3 0 
2020-01-25 3 0 
2020-01-26 4 0 
2020-01-27 6 0 
2020-01-28 7 0 
2020-01-29 11 0 
2020-01-30 14 0 
2020-01-31 17 0 
2020-02-01 20 0 
2020-02-02 20 0 
2020-02-03 20 0 
2020-02-04 23 0 2
2020-02-05 25 0 4
2020-02-06 25 0 4
2020-02-07 25 0 4
2020-02-08 26 0 4
2020-02-09 26 0 4
2020-02-10 26 0 4
2020-02-11 26 0 4
2020-02-12 28 0 11
2020-02-13 33 1 12
2020-02-14 41 1 12
2020-02-15 53 1 12
2020-02-16 59 1 16
2020-02-17 65 1 16
2020-02-18 73 1 18
2020-02-19 85 1 20
2020-02-20 93 1 20
2020-02-21 105 1 21
2020-02-22 132 1 24
2020-02-23 144 1 26
2020-02-24 157 1 27
2020-02-25 164 1 32
2020-02-26 186 3 40
2020-02-27 210 4 41
2020-02-28 230 5 42
2020-02-29 239 5 42
2020-03-01 254 6 43
2020-03-02 268 6 46
2020-03-03 284 6 48
2020-03-04 317 6 49
2020-03-05 349 6 60
2020-03-06 408 6 67
2020-03-07 455 6 80
2020-03-08 488 7 101
2020-03-09 514 9 102
2020-03-10 568 12 118
2020-03-11 620 15 123
2020-03-12 675 19 135
2020-03-13 716 21 144
2020-03-14 780 22 157
2020-03-15 814 24 164
2020-03-16 829 28 171
2020-03-17 873 29 191
2020-03-18 914 31 215
2020-03-19 950 33 227
2020-03-20 1007 35 232
2020-03-21 1054 36 272
2020-03-22 1086 41 285
2020-03-23 1128 42 301
2020-03-24 1193 43 310
2020-03-25 1291 45 359
2020-03-26 1387 46 359
2020-03-27 1499 49 359
2020-03-28 1693 52 388
2020-03-29 1866 52 408
2020-03-30 1953 56 425
2020-03-31 2178 57 472
2020-04-01 2384 57 505
2020-04-02 2617 63 505
2020-04-03 2920 69 505
2020-04-04 3271 70 514
2020-04-05 3654 73 575
2020-04-06 3906 80 592
2020-04-07 4257 82 622
2020-04-08 4768 85 632
2020-04-09 5347 88 665
2020-04-10 6005 94 685
2020-04-11 6748 98 714
2020-04-12 7255 102 784
2020-04-13 7645 109 799
2020-04-14 8100 119 853
2020-04-15 8582 136 935
2020-04-16 9167 148 1012
2020-04-17 9795 154 1069
2020-04-18 10361 161 1159
2020-04-19 10751 171 1239
2020-04-20 11119 186 1356
2020-04-21 11496 277 2040
2020-04-22 11919 287 2408
2020-04-23 12388 317 2536
2020-04-24 12829 334 2662
2020-04-25 13182 348 2815
