2020-01-24 3 0 0
2020-01-25 4 0 0
2020-01-26 4 0 0
2020-01-27 6 0 0
2020-01-28 8 0 0
2020-02-03 9 0 0
2020-02-04 12 0 1
2020-02-05 14 0 1
2020-02-06 14 0 1
2020-02-07 15 0 1
2020-02-08 16 0 2
2020-02-09 18 0 3
2020-02-12 19 0 3
2020-02-13 19 0 3
2020-02-14 21 0 7
2020-02-15 21 0 7
2020-02-16 22 0 8
2020-02-17 22 0 9
2020-02-18 22 0 13
2020-02-19 22 0 17
2020-02-23 22 0 18
2020-02-24 22 0 20
2020-02-27 24 0 22
2020-02-28 25 0 22
2020-02-29 29 0 22
2020-03-01 29 0 22
2020-03-02 33 0 22
2020-03-03 36 0 22
2020-03-04 50 0 22
2020-03-05 55 0 22
2020-03-06 83 0 23
2020-03-07 93 0 25
2020-03-08 99 0 25
2020-03-09 118 0 26
2020-03-10 130 0 26
2020-03-11 149 0 27
2020-03-12 158 0 33
2020-03-13 200 0 33
2020-03-14 242 0 36
2020-03-15 428 0 42
2020-03-16 553 0 42
2020-03-17 673 2 49
2020-03-18 790 2 60
2020-03-19 900 2 75
2020-03-20 1030 3 87
2020-03-21 1183 8 114
2020-03-22 1306 11 139
2020-03-23 1518 14 159
2020-03-24 1624 16 183
2020-03-25 1796 20 199
2020-03-26 2031 24 215
2020-03-27 2161 26 259
2020-03-28 2320 27 320
2020-03-29 2470 35 388
2020-03-30 2626 37 479
2020-03-31 2766 43 537
2020-04-01 2908 45 645
2020-04-02 3116 50 767
2020-04-03 3333 53 827
2020-04-04 3483 57 915
2020-04-05 3662 61 1005
2020-04-06 3793 62 1241
2020-04-07 3963 63 1321
2020-04-08 4119 65 1487
2020-04-09 4228 67 1608
2020-04-10 4346 70 1830
2020-04-11 4530 73 1995
2020-04-12 4683 76 2108
2020-04-13 4817 77 2276
2020-04-14 4987 82 2478
2020-04-15 5072 83 2647
2020-04-16 5182 84 2766
2020-04-17 5251 86 2967
2020-04-18 5305 88 3102
2020-04-19 5389 89 3197
2020-04-20 5425 89 3295
2020-04-21 5482 92 3349
2020-04-22 5532 93 3452
2020-04-23 5603 95 3542
2020-04-24 5691 96 3663
2020-04-25 5742 98 3762
2020-04-26 5780 98 3862
