2020-02-26 2  
2020-02-29 4  
2020-03-03 5  
2020-03-05 6 1 
2020-03-08 7  1
2020-03-09 16  1
2020-03-10 19  1
2020-03-11 20  1
2020-03-12 21  1
2020-03-13 28  1
2020-03-14 31  2
2020-03-15 53  3
2020-03-16 187  3
2020-03-17 241  4
2020-03-18 302 2 5
2020-03-19 461 2 5
2020-03-20 495 3 5
2020-03-21 646 3 5
2020-03-22 784 5 6
2020-03-23 887 6 6
2020-03-24 991 7 7
2020-03-25 1057 8 21
2020-03-26 1197 9 23
2020-03-27 1408 11 26
2020-03-28 1526 13 28
2020-03-29 1625 18 32
2020-03-30 1865 25 58
2020-03-31 2039 26 82
2020-04-01 2291 31 107
2020-04-02 2450 35 126
2020-04-03 2640 36 130
2020-04-04 2818 41 150
2020-04-05 3059 45 170
