2020-03-08 1 0 
2020-03-09 1 0 
2020-03-10 5 0 
2020-03-11 5 0 
2020-03-12 6 0 
2020-03-13 7 0 
2020-03-14 7 0 
2020-03-15 8 0 
2020-03-16 9 0 
2020-03-17 11 0 
2020-03-18 11 0 
2020-03-19 13 0 
2020-03-20 18 1 
2020-03-21 22 1 
2020-03-22 22 1 
2020-03-23 27 2 
2020-03-24 37 3 
2020-03-25 41 3 
2020-03-26 52 3 1
2020-03-27 56 3 1
2020-03-28 59 3 1
2020-03-29 64 3 1
2020-03-30 65 3 1
2020-03-31 69 3 1
2020-04-01 77 3 3
2020-04-02 92 3 6
2020-04-03 96 3 12
2020-04-04 104 3 12
2020-04-05 113 5 12
2020-04-06 115 5 15
2020-04-07 119 5 15
2020-04-08 124 5 18
2020-04-09 129 6 18
2020-04-10 133 6 18
2020-04-11 134 6 22
2020-04-12 147 6 22
2020-04-13 159 7 22
2020-04-14 161 8 23
2020-04-15 174 8 30
2020-04-16 199 8 30
2020-04-17 202 8 35
2020-04-18 206 8 41
2020-04-19 208 8 46
2020-04-20 208 8 53
2020-04-21 213 9 62
2020-04-22 213 9 67
2020-04-23 220 9 70
