2020-01-30 1  
2020-02-02 2 1 
2020-02-05 3 1 1
2020-02-10 3 1 2
2020-03-05 5 1 2
2020-03-07 6 1 2
2020-03-08 10 1 2
2020-03-09 24 1 2
2020-03-10 33 1 2
2020-03-11 49 2 2
2020-03-12 52 5 2
2020-03-13 64 6 2
2020-03-14 111 8 2
2020-03-15 140 12 2
2020-03-16 142 12 3
2020-03-17 187 14 4
2020-03-18 202 17 7
2020-03-19 217 17 8
2020-03-20 230 18 8
2020-03-21 307 19 13
2020-03-22 380 25 17
2020-03-23 462 33 18
2020-03-24 552 35 20
2020-03-25 636 38 26
2020-03-26 707 45 28
2020-03-27 803 54 31
2020-03-28 1075 68 35
2020-03-29 1418 71 42
2020-03-30 1546 78 42
2020-03-31 2084 88 49
2020-04-01 2311 96 50
2020-04-02 2633 107 51
2020-04-03 3018 136 52
2020-04-04 3094 144 57
2020-04-05 3246 152 64
2020-04-06 3660 163 73
2020-04-07 3764 177 84
2020-04-08 3870 182 96
2020-04-09 4076 203 124
2020-04-10 4195 221 140
