2020-03-04 1  
2020-03-05 1  
2020-03-06 5  
2020-03-07 6  
2020-03-08 11  
2020-03-09 17  
2020-03-10 22  
2020-03-11 31  
2020-03-12 51 1 
2020-03-13 68 2 
2020-03-14 104 3 
2020-03-15 125 3 
2020-03-16 177 4 
2020-03-17 238 5 1
2020-03-18 287 5 1
2020-03-19 355 5 1
2020-03-20 425 5 3
2020-03-21 536 5 3
2020-03-22 634 7 3
2020-03-23 749 8 3
2020-03-24 900 10 4
2020-03-25 1051 13 10
2020-03-26 1221 16 19
2020-03-27 1389 16 20
2020-03-28 1638 18 23
2020-03-29 1862 22 28
2020-03-30 2055 31 35
2020-03-31 2311 33 35
2020-04-01 2554 43 47
2020-04-02 2946 57 47
2020-04-03 3383 71 47
2020-04-04 3627 79 116
2020-04-05 4102 94 134
2020-04-06 4413 107 162
2020-04-07 4848 129 191
2020-04-08 5205 159 222
