2020-03-02 2  
2020-03-03 4  
2020-03-04 6  
2020-03-05 9  
2020-03-06 13  
2020-03-07 21  
2020-03-08 30  
2020-03-09 39  
2020-03-10 41  
2020-03-11 59  
2020-03-12 78  1
2020-03-13 112  1
2020-03-14 169  1
2020-03-15 245  2
2020-03-16 331 1 3
2020-03-17 448 1 3
2020-03-18 642 2 3
2020-03-19 785 3 3
2020-03-20 1020 6 5
2020-03-21 1280 12 5
2020-03-22 1600 14 5
2020-03-23 2060 23 14
2020-03-24 2362 33 22
2020-03-25 2995 43 22
2020-03-26 3544 60 43
2020-03-27 4268 76 43
2020-03-28 5170 100 43
2020-03-29 5962 119 43
2020-03-30 6408 140 43
2020-03-31 7443 160 43
2020-04-01 8251 187 43
2020-04-02 9034 209 68
2020-04-03 9886 246 68
2020-04-04 10524 266 75
2020-04-05 11278 295 75
2020-04-06 11730 311 140
2020-04-07 12442 345 184
2020-04-08 13141 380 196
2020-04-09 13956 409 205
2020-04-10 15472 435 233
