2020-02-26 1 0 
2020-02-28 3 0 
2020-03-03 4 0 1
2020-03-04 6 0 1
2020-03-05 6 0 1
2020-03-06 9 0 3
2020-03-07 13 0 4
2020-03-08 15 0 5
2020-03-09 17 0 5
2020-03-10 29 0 5
2020-03-11 47 0 7
2020-03-12 59 0 7
2020-03-13 95 0 7
2020-03-14 123 0 9
2020-03-15 139 0 9
2020-03-16 168 0 9
2020-03-17 217 0 19
2020-03-18 260 0 19
2020-03-19 277 0 25
2020-03-20 308 0 31
2020-03-21 367 0 52
2020-03-22 433 3 64
2020-03-23 576 7 73
2020-03-24 762 12 79
2020-03-25 906 17 86
2020-03-26 1029 23 94
2020-03-27 1292 26 115
2020-03-28 1452 29 139
2020-03-29 1760 43 169
2020-03-30 1952 65 209
2020-03-31 2245 80 220
2020-04-01 2460 85 252
2020-04-02 2738 94 267
2020-04-03 3183 116 283
2020-04-04 3613 141 329
2020-04-05 3864 148 374
2020-04-06 4057 157 406
2020-04-07 4417 182 460
2020-04-08 4761 209 528
2020-04-09 5202 229 647
2020-04-10 5467 257 729
2020-04-11 5990 282 758
2020-04-12 6300 306 852
2020-04-13 6633 318 914
2020-04-14 6879 332 1051
2020-04-15 7216 362 1217
2020-04-16 7707 387 1357
2020-04-17 8067 400 1508
2020-04-18 8418 417 1730
2020-04-19 8746 434 1892
2020-04-20 8936 451 2017
2020-04-21 9242 482 2153
2020-04-22 9710 508 2406
2020-04-23 10096 527 2478
2020-04-24 10417 552 2817
2020-04-25 10635 575 2890
2020-04-26 11036 608 3054
