2020-01-31 2 0 
2020-03-02 3 0 2
2020-03-05 4 0 2
2020-03-06 10 0 3
2020-03-07 14 0 3
2020-03-08 17 0 3
2020-03-09 20 0 3
2020-03-10 20 0 3
2020-03-11 28 0 3
2020-03-12 34 0 3
2020-03-13 45 0 3
2020-03-14 59 0 3
2020-03-15 63 0 3
2020-03-16 93 0 4
2020-03-17 114 0 5
2020-03-18 147 0 5
2020-03-19 199 0 5
2020-03-20 253 0 12
2020-03-21 306 0 16
2020-03-22 367 0 16
2020-03-23 438 0 17
2020-03-24 495 0 22
2020-03-25 658 0 29
2020-03-26 840 2 38
2020-03-27 1036 3 45
2020-03-28 1264 4 49
2020-03-29 1534 8 64
2020-03-30 1836 9 66
2020-03-31 2337 17 121
2020-04-01 2777 24 190
2020-04-02 3548 30 235
2020-04-03 4149 34 281
2020-04-04 4731 43 333
2020-04-05 5389 45 355
2020-04-06 6343 47 406
2020-04-07 7497 58 494
2020-04-08 8672 63 580
2020-04-09 10131 76 698
2020-04-10 11917 94 795
2020-04-11 13584 106 1045
2020-04-12 15770 130 1291
2020-04-13 18328 148 1470
2020-04-14 21102 170 1694
2020-04-15 24490 198 1986
2020-04-16 27938 232 2304
2020-04-17 32008 273 2590
2020-04-18 36793 313 3057
2020-04-19 42853 361 3291
2020-04-20 47121 405 3446
2020-04-21 52763 456 3873
2020-04-22 57999 513 4420
2020-04-23 62773 555 4891
2020-04-24 68622 615 5568
2020-04-25 74588 681 6250
2020-04-26 80949 747 6767
