2020-03-06 1 0 
2020-03-07 1 0 
2020-03-08 1 0 
2020-03-09 2 0 
2020-03-10 5 0 
2020-03-11 18 0 
2020-03-12 24 0 
2020-03-13 35 0 1
2020-03-14 46 0 1
2020-03-15 48 0 1
2020-03-16 57 0 1
2020-03-17 72 0 1
2020-03-18 89 0 1
2020-03-19 103 0 2
2020-03-20 135 1 2
2020-03-21 171 1 2
2020-03-22 222 2 2
2020-03-23 249 3 3
2020-03-24 303 3 15
2020-03-25 384 4 15
2020-03-26 457 7 15
2020-03-27 528 8 42
2020-03-28 659 10 42
2020-03-29 741 13 54
2020-03-30 785 16 54
2020-03-31 900 23 54
2020-04-01 1060 28 54
2020-04-02 1171 31 54
2020-04-03 1476 39 54
2020-04-04 1624 44 54
2020-04-05 1908 51 54
2020-04-06 2200 58 178
2020-04-07 2447 61 178
2020-04-08 2666 65 178
2020-04-09 2867 66 178
2020-04-10 3105 71 178
2020-04-11 3380 74 178
2020-04-12 3630 80 400
2020-04-13 4054 85 400
2020-04-14 4465 94 400
2020-04-15 4873 99 400
2020-04-16 5318 103 443
2020-04-17 5690 110 534
2020-04-18 5994 117 637
2020-04-19 6318 122 753
2020-04-20 6630 125 870
2020-04-21 6890 130 977
2020-04-22 7114 134 1025
2020-04-23 7276 139 1063
2020-04-24 7483 144 1094
2020-04-25 7779 151 1152
2020-04-26 8042 156 1182
