2020-01-23 1 0 
2020-01-24 3 0 
2020-01-25 3 0 
2020-01-26 4 0 
2020-01-27 5 0 
2020-01-28 7 0 
2020-01-29 10 0 
2020-01-30 13 0 
2020-01-31 16 0 
2020-02-01 18 0 
2020-02-04 24 0 1
2020-02-05 28 0 1
2020-02-06 30 0 1
2020-02-07 33 0 2
2020-02-08 40 0 2
2020-02-09 43 0 6
2020-02-10 45 0 7
2020-02-11 47 0 9
2020-02-12 50 0 15
2020-02-13 58 0 15
2020-02-14 67 0 17
2020-02-15 72 0 18
2020-02-16 75 0 19
2020-02-17 77 0 24
2020-02-18 81 0 29
2020-02-19 84 0 34
2020-02-20 85 0 37
2020-02-21 86 0 47
2020-02-22 89 0 49
2020-02-23 89 0 51
2020-02-24 90 0 53
2020-02-25 91 0 58
2020-02-26 93 0 62
2020-02-27 96 0 66
2020-02-28 98 0 69
2020-02-29 102 0 72
2020-03-01 106 0 74
2020-03-02 108 0 78
2020-03-03 110 0 78
2020-03-04 112 0 79
2020-03-05 117 0 81
2020-03-06 130 0 82
2020-03-07 138 0 90
2020-03-08 150 0 90
2020-03-09 160 0 93
2020-03-10 166 0 93
2020-03-11 178 0 96
2020-03-12 187 0 96
2020-03-13 200 0 97
2020-03-14 212 0 105
2020-03-15 226 0 105
2020-03-16 243 0 109
2020-03-17 266 0 114
2020-03-18 313 0 117
2020-03-19 345 0 124
2020-03-20 385 0 131
2020-03-21 432 2 140
2020-03-22 455 2 144
2020-03-23 509 2 152
2020-03-24 558 2 155
2020-03-25 631 2 160
2020-03-26 683 2 172
2020-03-27 732 2 183
2020-03-28 802 2 198
2020-03-29 844 3 212
2020-03-30 879 3 228
2020-03-31 926 3 240
2020-04-01 1000 3 245
2020-04-02 1049 4 266
2020-04-03 1114 5 282
2020-04-04 1189 6 297
2020-04-05 1309 6 320
2020-04-06 1375 6 344
2020-04-07 1481 6 377
2020-04-08 1623 6 406
2020-04-09 1910 6 460
2020-04-10 2108 7 492
2020-04-11 2299 8 528
2020-04-12 2532 8 560
2020-04-13 2918 9 586
2020-04-14 3252 10 611
2020-04-15 3699 10 652
2020-04-16 4427 10 683
2020-04-17 5050 11 708
2020-04-18 5992 11 740
2020-04-19 6588 11 768
2020-04-20 8014 11 801
2020-04-21 9125 11 839
2020-04-22 10141 12 896
2020-04-23 11178 12 924
2020-04-24 12075 12 956
2020-04-25 12693 12 1002
2020-04-26 13624 12 1060
