2020-03-07 3 0 
2020-03-08 5 0 
2020-03-09 7 0 
2020-03-10 7 0 
2020-03-11 10 0 
2020-03-12 21 0 
2020-03-13 32 0 
2020-03-14 44 0 
2020-03-15 61 0 
2020-03-16 72 0 
2020-03-17 97 0 
2020-03-18 105 0 
2020-03-19 123 0 
2020-03-20 137 0 
2020-03-21 178 0 
2020-03-22 185 0 
2020-03-23 204 0 
2020-03-24 216 0 
2020-03-25 226 0 2
2020-03-26 269 0 2
2020-03-27 292 0 2
2020-03-28 314 0 2
2020-03-29 336 0 2
2020-03-30 363 1 3
2020-03-31 400 1 3
2020-04-01 426 1 5
2020-04-02 450 1 8
2020-04-03 471 1 8
2020-04-04 485 1 8
2020-04-05 534 1 8
2020-04-06 581 2 13
2020-04-07 682 2 16
2020-04-08 701 2 16
2020-04-09 715 2 23
2020-04-10 728 2 23
2020-04-11 742 2 23
2020-04-12 769 2 107
2020-04-13 835 2 113
2020-04-14 863 2 151
2020-04-15 977 8 167
2020-04-16 1049 9 175
2020-04-17 1089 11 213
2020-04-18 1161 12 229
2020-04-19 1173 13 251
2020-04-20 1199 14 258
2020-04-21 1244 14 284
2020-04-22 1325 15 288
2020-04-23 1360 17 355
2020-04-24 1373 17 386
2020-04-25 1379 18 394
