2020-03-05 6 0 0
2020-03-06 8 0 0
2020-03-07 12 0 0
2020-03-08 16 0 0
2020-03-09 25 0 0
2020-03-10 34 0 0
2020-03-11 57 0 0
2020-03-12 96 0 0
2020-03-13 131 0 0
2020-03-14 179 1 0
2020-03-15 215 1 0
2020-03-16 250 1 0
2020-03-17 277 1 0
2020-03-18 287 1 3
2020-03-19 319 1 6
2020-03-20 342 1 18
2020-03-21 368 1 26
2020-03-22 406 2 28
2020-03-23 440 3 32
2020-03-24 476 4 35
2020-03-25 526 5 37
2020-03-26 562 7 42
2020-03-27 632 9 48
2020-03-28 684 9 54
2020-03-29 730 11 54
2020-03-30 756 11 57
2020-03-31 802 15 64
2020-04-01 841 17 73
2020-04-02 897 18 78
2020-04-03 934 20 83
2020-04-04 977 22 93
2020-04-05 997 28 98
2020-04-06 1020 30 102
2020-04-07 1055 36 115
2020-04-08 1091 40 120
