2020-01-31 1  
2020-02-09 2  
2020-02-13 3 1 
2020-02-24 4 1 2
2020-02-25 10 1 2
2020-02-26 14 1 2
2020-02-27 26 1 2
2020-02-28 34 1 2
2020-02-29 59 1 2
2020-03-01 85 1 2
2020-03-02 121 1 2
2020-03-03 166 2 2
2020-03-04 228 2 3
2020-03-05 282 3 4
2020-03-06 401 8 30
2020-03-07 525 10 30
2020-03-08 674 17 32
2020-03-09 1231 30 32
2020-03-10 1695 36 135
2020-03-11 2277 55 183
2020-03-12 3146 86 189
2020-03-13 5232 133 193
2020-03-14 6391 196 517
2020-03-15 7988 294 517
2020-03-16 9942 342 530
2020-03-17 11826 533 1028
2020-03-18 14769 638 1081
2020-03-19 18077 833 1107
2020-03-20 21571 1093 1588
2020-03-21 25496 1381 2125
2020-03-22 29909 1813 2575
2020-03-23 35480 2342 3355
2020-03-24 42058 2994 3794
2020-03-25 50105 3650 5367
2020-03-26 57786 4368 7015
2020-03-27 65719 5138 9357
2020-03-28 73232 5982 12285
2020-03-29 80110 6803 14709
2020-03-30 87956 7716 16780
2020-03-31 95923 8464 19259
2020-04-01 104118 9387 22647
2020-04-02 112065 10348 26743
2020-04-03 119199 11198 30513
2020-04-04 126168 11947 34219
2020-04-05 131646 12641 38080
2020-04-06 135032 13055 40437
