2020-01-31 1  
2020-02-26 2  
2020-02-27 7  
2020-02-28 11  
2020-02-29 13  
2020-03-01 14  
2020-03-02 15  
2020-03-03 30  1
2020-03-04 52  1
2020-03-05 94  1
2020-03-06 137  1
2020-03-07 161  1
2020-03-08 203  1
2020-03-09 260  1
2020-03-10 356  1
2020-03-11 500 1 1
2020-03-12 687  1
2020-03-13 814  1
2020-03-14 941 2 1
2020-03-15 1032 3 1
2020-03-16 1121 6 1
2020-03-17 1196 6 1
2020-03-18 1292 10 1
2020-03-19 1439 11 1
2020-03-20 1639 16 1
2020-03-21 1770 20 1
2020-03-22 1934 21 1
2020-03-23 2046 27 1
2020-03-24 2286 36 1
2020-03-25 2526 62 1
2020-03-26 2840 77 1
2020-03-27 3069 105 1
2020-03-28 3447 105 1
2020-03-29 3700 110 1
2020-03-30 4028 146 1
2020-03-31 4435 180 1
2020-04-01 4947 239 1
2020-04-02 5466 282 1
2020-04-03 6131 358 1
2020-04-04 6443 373 1
2020-04-05 6830 401 1
