2020-02-25 1 0 
2020-02-26 2 0 
2020-02-27 8 0 
2020-02-28 13 0 
2020-02-29 18 0 
2020-03-01 22 0 
2020-03-02 40 0 
2020-03-03 55 0 
2020-03-04 72 0 
2020-03-05 102 0 
2020-03-06 198 0 
2020-03-07 254 0 
2020-03-08 350 0 
2020-03-09 369 0 
2020-03-10 480 0 
2020-03-11 640 0 
2020-03-12 858 0 
2020-03-13 1139 0 
2020-03-14 1359 0 
2020-03-15 2217 0 
2020-03-16 2353 0 
2020-03-17 2677 0 
2020-03-18 3070 0 
2020-03-19 3888 0 
2020-03-20 4840 0 
2020-03-21 6113 0 
2020-03-22 7014 0 
2020-03-23 8060 0 
2020-03-24 8836 0 131
2020-03-25 9765 153 131
2020-03-26 10714 192 161
2020-03-27 12161 231 197
2020-03-28 13213 264 235
2020-03-29 14336 300 254
2020-03-30 15475 359 295
2020-03-31 16176 433 1827
2020-04-01 17139 488 2826
2020-04-02 18267 536 3989
2020-04-03 19303 591 5134
2020-04-04 20278 666 7081
2020-04-05 21100 715 7130
2020-04-06 21657 756 8821
2020-04-07 22253 821 9525
2020-04-08 23248 893 9800
2020-04-09 24046 948 10600
2020-04-10 24551 1002 11100
2020-04-11 25107 1036 12100
2020-04-12 25415 1106 12700
2020-04-13 25688 1138 13700
2020-04-14 25936 1174 14700
2020-04-15 26336 1239 15400
2020-04-16 26732 1281 15900
2020-04-17 27078 1327 16400
2020-04-18 27404 1366 17100
2020-04-19 27740 1393 17800
2020-04-20 27944 1427 18600
2020-04-21 28063 1478 19400
2020-04-22 28268 1509 19900
2020-04-23 28496 1549 20600
2020-04-24 28677 1589 21000
2020-04-25 28894 1599 21300
2020-04-26 29061 1607 21300
