2020-01-17 2 0 
2020-01-22 4 0 
2020-01-23 4 0 
2020-01-24 5 0 
2020-01-25 6 0 
2020-01-26 8 0 5
2020-01-27 8 0 5
2020-01-28 14 0 5
2020-01-29 14 0 5
2020-01-30 14 0 6
2020-01-31 19 0 7
2020-02-01 19 0 7
2020-02-02 19 0 8
2020-02-03 19 0 8
2020-02-04 19 0 9
2020-02-05 25 0 9
2020-02-09 32 0 10
2020-02-10 32 0 10
2020-02-11 33 0 10
2020-02-12 33 0 10
2020-02-13 33 0 12
2020-02-16 34 0 15
2020-02-17 35 0 15
2020-02-20 35 0 17
2020-02-21 35 0 19
2020-02-22 35 0 20
2020-02-23 35 0 21
2020-02-24 35 0 21
2020-02-25 37 0 22
2020-02-26 40 0 24
2020-02-27 40 0 24
2020-02-28 40 0 28
2020-02-29 40 0 28
2020-03-01 42 1 30
2020-03-02 43 1 31
2020-03-05 47 1 31
2020-03-06 48 1 31
2020-03-07 50 1 31
2020-03-08 50 1 33
2020-03-09 50 1 33
2020-03-10 53 1 33
2020-03-11 59 1 34
2020-03-12 70 1 35
2020-03-13 75 1 35
2020-03-14 82 1 35
2020-03-15 114 1 37
2020-03-16 147 1 38
2020-03-17 177 1 41
2020-03-18 212 1 42
2020-03-19 272 1 42
2020-03-20 322 1 43
2020-03-21 411 1 43
2020-03-22 599 1 44
2020-03-23 721 1 52
2020-03-24 827 4 57
2020-03-25 934 4 70
2020-03-26 1045 4 88
2020-03-27 1136 5 97
2020-03-28 1245 6 97
2020-03-29 1388 7 101
2020-03-30 1524 9 127
2020-03-31 1651 10 342
2020-04-01 1771 12 416
2020-04-02 1875 15 505
2020-04-03 1978 19 581
2020-04-04 2067 20 612
2020-04-05 2169 23 674
2020-04-06 2220 26 793
2020-04-07 2258 27 824
2020-04-08 2369 30 888
2020-04-09 2423 32 940
2020-04-10 2473 33 1013
2020-04-11 2518 35 1135
2020-04-12 2551 38 1218
2020-04-13 2579 40 1288
2020-04-14 2613 41 1405
2020-04-15 2643 43 1497
2020-04-16 2672 46 1593
2020-04-17 2700 47 1689
2020-04-18 2733 47 1787
2020-04-19 2765 47 1928
2020-04-20 2792 47 1999
2020-04-21 2811 48 2108
2020-04-22 2826 49 2352
2020-04-23 2839 50 2430
2020-04-24 2854 50 2490
2020-04-25 2907 51 2547
2020-04-26 2922 51 2594
