2020-03-11 1 0 
2020-03-12 1 0 
2020-03-13 5 0 
2020-03-14 6 0 
2020-03-15 18 1 
2020-03-16 47 1 
2020-03-17 98 2 
2020-03-18 191 3 
2020-03-19 359 4 
2020-03-20 670 9 
2020-03-21 947 21 
2020-03-22 1236 30 
2020-03-23 1529 37 
2020-03-24 1872 44 26
2020-03-25 2433 59 26
2020-03-26 3629 75 26
2020-03-27 5698 92 42
2020-03-28 7402 108 70
2020-03-29 9217 131 105
2020-03-30 10827 168 162
2020-03-31 13531 214 243
2020-04-01 15679 277 333
2020-04-02 18135 356 415
2020-04-03 20921 425 484
2020-04-04 23934 501 786
2020-04-05 27069 574 1042
2020-04-06 30217 649 1326
2020-04-07 34109 725 1582
2020-04-08 38226 812 1846
2020-04-09 42282 908 2142
2020-04-10 47029 1006 2423
2020-04-11 52167 1101 2965
2020-04-12 56956 1198 3446
2020-04-13 61049 1296 3957
2020-04-14 65111 1403 4799
2020-04-15 69392 1518 5674
2020-04-16 74193 1643 7089
2020-04-17 78546 1769 8631
2020-04-18 82329 1890 10453
2020-04-19 86306 2017 11976
2020-04-20 90980 2140 13430
2020-04-21 95591 2259 14918
2020-04-22 98674 2376 16477
2020-04-23 101790 2491 18491
2020-04-24 104912 2600 21737
2020-04-25 107773 2706 25582
2020-04-26 110130 2805 29140
