2020-03-14 10 0 
2020-03-15 17 0 
2020-03-16 33 0 
2020-03-17 36 0 
2020-03-18 36 0 
2020-03-19 42 0 
2020-03-21 70 0 15
2020-03-22 77 0 15
2020-03-23 84 0 15
2020-03-24 91 0 15
2020-03-25 106 0 15
2020-03-26 107 1 31
2020-03-27 113 2 39
2020-03-28 119 2 39
2020-03-29 129 3 39
2020-03-30 135 3 39
2020-03-31 143 3 41
2020-04-01 144 3 43
2020-04-02 146 5 43
2020-04-03 153 7 52
2020-04-04 155 7 52
2020-04-05 159 7 52
2020-04-06 165 7 65
2020-04-07 166 7 65
2020-04-08 167 9 65
2020-04-09 171 9 84
2020-04-10 175 9 84
2020-04-11 175 9 93
2020-04-12 181 9 93
2020-04-13 189 9 110
2020-04-14 193 9 111
2020-04-15 197 9 111
2020-04-16 204 9 111
2020-04-17 227 9 113
2020-04-18 227 9 117
2020-04-19 256 9 117
2020-04-20 285 10 117
2020-04-21 288 10 122
2020-04-22 298 10 122
2020-04-23 311 10 126
2020-04-24 318 10 128
2020-04-25 323 10 132
