2020-01-23 2 0 
2020-01-28 2 0 1
2020-01-31 5 0 1
2020-02-01 6 0 1
2020-02-02 7 0 1
2020-02-03 8 0 2
2020-02-04 10 0 3
2020-02-05 10 0 3
2020-02-06 12 0 3
2020-02-07 13 0 3
2020-02-08 13 0 3
2020-02-09 14 0 3
2020-02-10 14 0 6
2020-02-11 15 0 6
2020-02-12 15 0 7
2020-02-13 16 0 7
2020-02-18 16 0 11
2020-02-19 16 0 14
2020-02-20 16 0 15
2020-02-26 16 0 16
2020-03-06 17 0 16
2020-03-07 20 0 16
2020-03-08 30 0 16
2020-03-09 31 0 16
2020-03-10 34 0 16
2020-03-11 38 0 16
2020-03-12 44 0 16
2020-03-13 47 0 16
2020-03-14 53 0 16
2020-03-15 57 0 16
2020-03-16 61 0 16
2020-03-17 66 0 16
2020-03-18 76 0 16
2020-03-19 85 0 16
2020-03-20 91 0 17
2020-03-21 94 0 17
2020-03-22 113 0 17
2020-03-23 123 0 17
2020-03-24 134 0 17
2020-03-25 141 0 17
2020-03-26 153 0 17
2020-03-27 163 0 20
2020-03-28 174 0 21
2020-03-29 188 0 25
2020-03-30 203 0 55
2020-03-31 207 0 58
2020-04-01 218 0 63
2020-04-02 227 0 75
2020-04-03 237 0 85
2020-04-04 240 0 90
2020-04-05 241 0 91
2020-04-06 245 0 95
2020-04-07 249 0 122
2020-04-08 251 0 126
2020-04-09 255 0 128
2020-04-10 257 0 144
2020-04-11 258 0 144
2020-04-12 260 0 144
2020-04-13 265 0 145
2020-04-14 266 0 169
2020-04-15 267 0 171
2020-04-16 268 0 177
2020-04-17 268 0 198
2020-04-18 268 0 201
2020-04-19 268 0 202
2020-04-20 268 0 214
2020-04-21 268 0 216
2020-04-22 268 0 223
2020-04-23 268 0 224
2020-04-24 270 0 225
2020-04-25 270 0 225
